scaffold_1	368	0	0	0	0	1	0	0	0	0	0	0	0	0	0
scaffold_1	391	0	0	0	0	1	0	0	0	0	0	0	0	0	0
scaffold_1	406	1	0	0	0	0	0	1	0	0	0	0	0	0	0
scaffold_1	798	0	0	0	0	1	0	0	0	0	0	0	0	0	0
scaffold_1	1089	0	1	0	1	0	1	0	1	0	1	0	1	0	1
scaffold_1	1090	0	0	0	0	0	0	0	0	0	0	0	0	1	0
scaffold_1	1091	1	1	1	1	1	1	1	1	0	1	1	1	0	1
scaffold_1	1231	0	0	1	0	1	0	0	0	0	0	1	0	0	0
scaffold_1	1483	0	0	0	0	1	0	0	0	0	0	0	0	0	0
scaffold_1	1594	1	0	0	0	0	0	1	0	0	0	0	0	0	0
scaffold_1	1604	1	1	1	1	1	1	1	1	0	1	1	1	0	1
scaffold_1	1659	0	1	0	1	0	1	0	1	0	1	0	1	0	1
scaffold_1	1671	1	1	1	1	1	1	1	1	0	1	1	1	0	1
scaffold_1	1675	0	1	0	1	0	1	0	1	0	1	0	1	0	1
scaffold_1	1681	0	1	0	1	0	1	0	1	0	1	0	1	0	1
scaffold_1	1793	0	1	0	1	0	1	0	1	0	1	0	1	0	1
scaffold_1	2509	0	0	1	0	0	0	0	0	0	0	1	0	0	0
scaffold_1	2881	0	1	0	1	0	1	0	1	0	1	0	1	0	1
scaffold_1	2932	0	1	0	1	1	1	0	1	0	1	0	1	0	1
scaffold_1	3250	1	1	1	1	0	1	1	1	1	1	1	1	1	1
scaffold_1	3288	0	1	0	1	0	1	0	1	0	1	0	1	0	1
scaffold_1	3748	0	1	0	1	0	1	0	1	0	1	0	1	0	1
scaffold_1	3865	0	1	0	1	0	1	0	1	0	1	0	1	0	1
scaffold_1	3892	0	1	1	1	0	1	0	1	0	1	1	1	0	1
scaffold_1	4089	0	1	0	1	0	1	0	1	0	1	0	1	0	1
scaffold_1	4225	1	0	0	0	0	0	1	0	0	0	0	0	0	0
scaffold_1	4253	0	1	0	1	0	1	0	1	0	1	0	1	0	1
scaffold_1	4586	1	1	0	1	1	1	1	1	0	1	0	1	1	1
scaffold_1	4670	1	0	0	0	0	0	1	0	0	0	0	0	1	0
scaffold_1	4802	0	1	0	1	0	1	0	1	0	1	0	1	0	1
scaffold_1	4817	1	1	0	1	1	1	1	1	0	1	0	1	1	1
scaffold_1	4821	0	1	0	1	0	1	0	1	0	1	0	1	0	1
scaffold_1	4923	1	0	0	0	1	0	1	0	0	0	0	0	1	0
scaffold_1	4950	0	0	0	0	1	0	0	0	0	0	0	0	1	0
scaffold_1	5002	0	1	0	1	0	1	0	1	0	1	0	1	0	1
scaffold_1	5058	0	1	0	1	0	1	0	1	0	1	0	1	0	1
scaffold_1	6651	1	0	0	0	0	0	1	0	0	0	0	0	0	0
scaffold_1	6655	0	0	1	0	1	0	0	0	0	0	1	0	1	0
scaffold_1	6753	0	0	1	0	1	0	0	0	0	0	1	0	1	0
scaffold_1	6860	1	1	1	1	1	1	1	1	0	1	1	1	1	1
scaffold_1	6869	1	0	0	0	0	0	1	0	0	0	0	0	0	0
scaffold_1	6870	0	1	0	1	0	1	0	1	0	1	0	1	0	1
scaffold_1	7066	0	1	0	1	0	1	0	1	0	1	0	1	0	1
scaffold_1	7221	1	1	0	1	0	1	1	1	0	1	0	1	0	1
scaffold_1	7243	1	1	0	1	0	1	1	1	0	1	0	1	0	1
scaffold_1	7366	0	0	0	0	1	0	0	0	0	0	0	0	0	0
scaffold_1	7884	1	1	1	1	0	1	1	1	0	1	1	1	1	1
scaffold_1	8812	0	0	0	0	1	0	0	0	0	0	0	0	0	0
scaffold_1	8835	0	1	0	1	0	1	0	1	0	1	0	1	0	1
scaffold_1	8885	1	1	1	1	1	1	1	1	0	1	1	1	1	1
scaffold_1	9006	0	0	1	0	0	0	0	0	0	0	1	0	0	0
scaffold_1	9370	0	1	0	1	0	1	0	1	0	1	0	1	0	1
scaffold_1	9604	0	1	0	1	0	1	0	1	0	1	0	1	0	1
scaffold_1	9633	0	1	0	1	0	1	0	1	0	1	0	1	0	1
scaffold_1	9767	0	1	0	1	0	1	0	1	0	1	0	1	1	1
scaffold_1	9931	1	1	0	1	1	1	1	1	0	1	0	1	1	1
scaffold_1	10166	1	1	0	1	0	1	1	1	0	1	0	1	1	1
scaffold_1	10233	0	1	0	1	0	1	0	1	0	1	0	1	0	1
scaffold_1	10358	0	0	0	0	1	0	0	0	0	0	0	0	0	0
scaffold_1	10470	0	1	0	1	0	1	0	1	0	1	0	1	1	1
scaffold_1	11996	0	0	0	0	0	0	0	0	0	0	0	0	1	0
scaffold_1	12078	0	1	0	1	0	1	0	1	0	1	0	1	1	1
scaffold_1	12091	0	1	0	1	0	1	0	1	0	1	0	1	0	1
scaffold_1	12234	1	0	0	0	0	0	1	0	0	0	0	0	0	0
scaffold_1	12357	1	0	0	0	0	0	1	0	0	0	0	0	0	0
scaffold_1	12502	0	0	1	0	0	0	0	0	0	0	1	0	0	0
scaffold_1	12522	1	1	1	1	0	1	1	1	0	1	1	1	1	1
scaffold_1	12643	0	1	0	1	0	1	0	1	0	1	0	1	0	1
scaffold_1	12700	0	1	0	1	0	1	0	1	0	1	0	1	0	1
scaffold_1	12870	0	1	0	1	0	1	0	1	0	1	0	1	0	1
scaffold_1	12941	0	1	0	1	0	1	0	1	0	1	0	1	0	1
scaffold_1	13098	0	1	0	1	0	1	0	1	0	1	0	1	1	1
scaffold_1	13542	0	0	0	0	0	0	0	0	0	0	0	0	1	0
scaffold_1	13716	1	1	0	1	1	1	1	1	0	1	0	1	1	1
scaffold_1	13736	0	0	0	0	1	0	0	0	0	0	0	0	0	0
scaffold_1	13903	0	0	0	0	1	0	0	0	0	0	0	0	0	0
scaffold_1	14512	1	1	0	1	0	1	1	1	0	1	0	1	1	1
scaffold_1	14572	1	1	0	1	0	1	1	1	0	1	0	1	1	1
scaffold_1	14590	1	1	0	1	0	1	1	1	0	1	0	1	1	1
scaffold_1	14780	1	1	0	1	0	1	1	1	0	1	0	1	1	1
scaffold_1	15251	1	0	0	0	0	0	1	0	0	0	0	0	1	0
scaffold_1	15488	1	0	0	0	0	0	1	0	0	0	0	0	1	0
scaffold_1	15503	1	1	0	1	0	1	1	1	0	1	0	1	1	1
scaffold_1	15506	0	1	0	1	0	1	0	1	0	1	0	1	0	1
scaffold_1	15509	0	1	1	1	1	1	0	1	0	1	1	1	0	1
scaffold_1	15523	0	1	0	1	0	1	0	1	0	1	0	1	0	1
scaffold_1	15572	0	1	0	1	0	1	0	1	0	1	0	1	0	1
scaffold_1	15597	1	1	0	1	0	1	1	1	0	1	0	1	1	1
scaffold_1	15719	0	1	0	1	0	1	0	1	0	1	0	1	0	1
scaffold_1	16000	0	0	0	0	1	0	0	0	0	0	0	0	0	0
scaffold_1	16308	0	1	0	1	0	1	0	1	0	1	0	1	0	1
scaffold_1	16372	0	1	0	1	0	1	0	1	0	1	0	1	0	1
scaffold_1	16419	0	1	0	1	0	1	0	1	0	1	0	1	0	1
scaffold_1	16900	0	1	0	1	0	1	0	1	0	1	0	1	0	1
scaffold_1	16945	0	1	1	1	1	1	0	1	0	1	1	1	0	1
scaffold_1	17114	0	1	0	1	0	1	0	1	0	1	0	1	0	1
scaffold_1	17394	0	1	0	1	0	1	0	1	0	1	0	1	1	1
scaffold_1	17523	0	1	0	1	0	1	0	1	0	1	0	1	0	1
scaffold_1	18321	1	1	0	1	1	1	1	1	0	1	0	1	0	1
scaffold_1	18472	1	0	0	0	1	0	1	0	0	0	0	0	0	0
scaffold_1	18514	1	0	0	0	0	0	1	0	0	0	0	0	0	0
scaffold_1	18688	0	1	0	1	0	1	0	1	0	1	0	1	0	1
scaffold_1	18725	1	1	1	1	1	1	1	1	0	1	1	1	0	1
scaffold_1	18791	1	0	0	0	0	0	1	0	0	0	0	0	0	0
scaffold_1	18856	1	1	0	1	0	1	1	1	0	1	0	1	0	1
scaffold_1	18891	1	1	0	1	0	1	1	1	0	1	0	1	0	1
scaffold_1	18895	1	1	0	1	0	1	1	1	0	1	0	1	0	1
scaffold_1	18898	1	1	0	1	0	1	1	1	0	1	0	1	0	1
scaffold_1	18960	1	1	0	1	0	1	1	1	0	1	0	1	0	1
scaffold_1	18976	0	1	0	1	0	1	0	1	0	1	0	1	0	1
scaffold_1	19010	1	1	0	1	0	1	1	1	0	1	0	1	0	1
scaffold_1	19081	0	0	1	0	0	0	0	0	0	0	1	0	0	0
scaffold_1	19176	1	1	1	1	0	1	1	1	0	1	1	1	0	1
scaffold_1	19254	1	1	1	1	0	1	1	1	0	1	1	1	0	1
scaffold_1	19322	0	1	0	1	0	1	0	1	0	1	0	1	0	1
scaffold_1	19415	0	1	0	1	0	1	0	1	0	1	0	1	0	1
scaffold_1	19426	0	1	1	1	1	1	0	1	0	1	1	1	0	1
scaffold_1	19496	0	0	0	0	1	0	0	0	0	0	0	0	0	0
scaffold_1	19549	0	1	1	1	1	1	0	1	0	1	1	1	0	1
scaffold_1	20026	1	1	0	1	0	1	1	1	0	1	0	1	0	1
scaffold_1	20699	0	0	0	0	1	0	0	0	0	0	0	0	0	0
scaffold_1	20721	0	0	0	0	0	0	0	0	0	0	0	0	1	0
scaffold_1	20809	1	1	1	1	1	1	1	1	0	1	1	1	0	1
scaffold_1	20817	0	1	1	1	0	1	0	1	0	1	1	1	0	1
scaffold_1	21086	1	1	0	1	1	1	1	1	0	1	0	1	0	1
scaffold_1	21235	0	1	0	1	0	1	0	1	0	1	0	1	0	1
scaffold_1	21337	1	0	0	0	1	0	1	0	0	0	0	0	0	0
scaffold_1	21713	0	0	1	0	0	0	0	0	0	0	1	0	0	0
scaffold_1	21800	0	0	0	0	1	0	0	0	0	0	0	0	0	0
scaffold_1	21812	0	1	1	1	0	1	0	1	0	1	1	1	1	1
scaffold_1	22035	0	1	1	1	0	1	0	1	0	1	1	1	1	1
scaffold_1	22039	0	0	0	0	0	0	0	0	0	0	0	0	1	0
scaffold_1	22057	0	1	1	1	0	1	0	1	0	1	1	1	1	1
scaffold_1	22164	0	0	1	0	0	0	0	0	0	0	1	0	1	0
scaffold_1	22578	1	1	1	1	1	1	1	1	0	1	1	1	1	1
scaffold_1	22695	0	1	0	1	0	1	0	1	0	1	0	1	0	1
scaffold_1	22886	0	1	0	1	0	1	0	1	0	1	0	1	0	1
scaffold_1	22892	0	1	0	1	0	1	0	1	0	1	0	1	0	1
scaffold_1	23020	0	0	0	0	0	0	0	0	0	0	0	0	1	0
scaffold_1	23099	0	0	1	0	0	0	0	0	0	0	1	0	0	0
scaffold_1	23380	0	1	0	1	0	1	0	1	0	1	0	1	0	1
scaffold_1	23399	0	1	0	1	0	1	0	1	0	1	0	1	0	1
scaffold_1	23439	0	1	0	1	0	1	0	1	0	1	0	1	0	1
scaffold_1	23693	1	1	1	1	1	1	1	1	0	1	1	1	1	1
scaffold_1	23951	0	1	0	1	0	1	0	1	0	1	0	1	0	1
scaffold_1	23964	0	1	0	1	0	1	0	1	0	1	0	1	0	1
scaffold_1	24098	0	1	0	1	0	1	0	1	0	1	0	1	0	1
scaffold_1	24125	1	0	0	0	0	0	1	0	0	0	0	0	0	0
scaffold_1	24220	1	0	1	0	1	0	1	0	0	0	1	0	1	0
scaffold_1	24236	0	1	0	1	0	1	0	1	0	1	0	1	0	1
scaffold_1	24427	0	1	0	1	0	1	0	1	0	1	0	1	0	1
scaffold_1	24703	0	1	0	1	0	1	0	1	0	1	0	1	0	1
scaffold_1	24830	0	1	0	1	0	1	0	1	0	1	0	1	0	1
scaffold_1	24842	0	1	0	1	0	1	0	1	0	1	0	1	0	1
scaffold_1	24844	0	1	0	1	0	1	0	1	0	1	0	1	0	1
scaffold_1	25113	0	1	0	1	0	1	0	1	0	1	0	1	0	1
scaffold_1	25114	0	1	0	1	0	1	0	1	0	1	0	1	0	1
scaffold_1	25118	0	1	0	1	0	1	0	1	0	1	0	1	0	1
scaffold_1	25154	0	1	0	1	0	1	0	1	0	1	0	1	0	1
scaffold_1	25162	0	1	0	1	0	1	0	1	0	1	0	1	0	1
scaffold_1	25254	0	0	0	0	1	0	0	0	0	0	0	0	1	0
scaffold_1	25280	0	0	0	0	1	0	0	0	0	0	0	0	1	0
scaffold_1	25418	0	1	0	1	0	1	0	1	0	1	0	1	0	1
scaffold_1	25482	0	1	0	1	0	1	0	1	0	1	0	1	0	1
scaffold_1	26429	0	1	0	1	0	1	0	1	0	1	0	1	0	1
scaffold_1	26627	0	1	0	1	0	1	0	1	0	1	0	1	0	1
scaffold_1	26703	1	0	0	0	0	0	1	0	0	0	0	0	0	0
scaffold_1	26849	0	1	0	1	0	1	0	1	0	1	0	1	0	1
scaffold_1	27249	0	1	0	1	0	1	0	1	0	1	0	1	0	1
scaffold_1	27476	0	1	0	1	0	1	0	1	0	1	0	1	0	1
scaffold_1	27802	1	0	0	0	0	0	1	0	0	0	0	0	0	0
scaffold_1	27951	0	0	0	0	1	0	0	0	0	0	0	0	1	0
scaffold_1	28355	0	1	0	1	0	1	0	1	0	1	0	1	0	1
scaffold_1	28361	0	1	0	1	0	1	0	1	0	1	0	1	0	1
scaffold_1	28391	0	1	0	1	0	1	0	1	0	1	0	1	0	1
scaffold_1	28396	1	1	1	1	1	1	1	1	0	1	1	1	1	1
scaffold_1	28495	0	1	0	1	0	1	0	1	0	1	0	1	0	1
scaffold_1	28664	0	1	0	1	0	1	0	1	0	1	0	1	0	1
scaffold_1	28677	0	1	0	1	0	1	0	1	0	1	0	1	0	1
scaffold_1	28800	0	1	0	1	0	1	0	1	0	1	0	1	0	1
scaffold_1	28802	0	1	0	1	0	1	0	1	0	1	0	1	0	1
scaffold_1	29183	0	1	0	1	0	1	0	1	0	1	0	1	0	1
scaffold_1	29212	1	1	1	1	1	1	1	1	0	1	1	1	1	1
scaffold_1	29262	0	1	0	1	0	1	0	1	0	1	0	1	0	1
scaffold_1	29278	0	1	0	1	0	1	0	1	0	1	0	1	0	1
scaffold_1	29283	0	1	0	1	0	1	0	1	0	1	0	1	0	1
scaffold_1	29311	0	1	0	1	0	1	0	1	0	1	0	1	0	1
scaffold_1	29321	0	1	0	1	0	1	0	1	0	1	0	1	0	1
scaffold_1	29336	0	1	0	1	0	1	0	1	0	1	0	1	0	1
scaffold_1	29343	0	1	0	1	0	1	0	1	0	1	0	1	0	1
scaffold_1	29376	0	1	0	1	0	1	0	1	0	1	0	1	0	1
scaffold_1	29385	0	1	0	1	0	1	0	1	0	1	0	1	0	1
scaffold_1	29388	0	1	0	1	0	1	0	1	0	1	0	1	0	1
scaffold_1	29392	0	0	1	0	0	0	0	0	0	0	1	0	1	0
scaffold_1	29473	0	1	0	1	0	1	0	1	0	1	0	1	0	1
scaffold_1	29629	0	1	0	1	0	1	0	1	0	1	0	1	0	1
scaffold_1	29645	0	1	0	1	0	1	0	1	0	1	0	1	0	1
scaffold_1	29752	0	1	0	1	0	1	0	1	0	1	0	1	0	1
scaffold_1	29788	0	1	0	1	0	1	0	1	0	1	0	1	0	1
scaffold_1	29850	0	1	0	1	0	1	0	1	0	1	0	1	0	1
scaffold_1	29950	0	1	0	1	0	1	0	1	0	1	0	1	0	1
scaffold_1	29958	0	1	0	1	0	1	0	1	0	1	0	1	0	1
scaffold_1	30019	0	1	0	1	0	1	0	1	0	1	0	1	0	1
scaffold_1	30090	0	0	1	0	0	0	0	0	0	0	1	0	0	0
scaffold_1	30197	1	1	1	1	1	1	1	1	0	1	1	1	1	1
scaffold_1	30209	0	1	0	1	0	1	0	1	0	1	0	1	0	1
scaffold_1	30371	1	1	1	1	1	1	1	1	0	1	1	1	1	1
scaffold_1	30594	0	1	0	1	0	1	0	1	0	1	0	1	0	1
scaffold_1	30624	0	1	0	1	0	1	0	1	0	1	0	1	0	1
scaffold_1	30671	0	1	0	1	0	1	0	1	0	1	0	1	0	1
scaffold_1	30793	0	1	0	1	0	1	0	1	0	1	0	1	0	1
scaffold_1	30813	0	1	0	1	0	1	0	1	0	1	0	1	0	1
scaffold_1	30853	0	1	0	1	0	1	0	1	0	1	0	1	0	1
scaffold_1	30979	1	1	1	1	1	1	1	1	0	1	1	1	0	1
scaffold_1	31037	0	1	0	1	0	1	0	1	0	1	0	1	0	1
scaffold_1	31043	0	1	0	1	0	1	0	1	0	1	0	1	0	1
scaffold_1	31145	0	1	0	1	0	1	0	1	0	1	0	1	0	1
scaffold_1	31159	0	0	0	0	0	0	0	0	0	0	0	0	1	0
scaffold_1	31161	0	1	0	1	0	1	0	1	0	1	0	1	0	1
scaffold_1	31164	0	1	0	1	0	1	0	1	0	1	0	1	0	1
scaffold_1	31191	0	1	0	1	0	1	0	1	0	1	0	1	0	1
scaffold_1	31391	0	0	0	0	0	0	0	0	0	0	0	0	1	0
scaffold_1	31394	1	0	1	0	0	0	1	0	0	0	1	0	0	0
scaffold_1	31440	0	0	0	0	1	0	0	0	0	0	0	0	0	0
scaffold_1	31586	0	1	0	1	0	1	0	1	0	1	0	1	0	1
scaffold_1	31596	1	1	1	1	1	1	1	1	0	1	1	1	1	1
scaffold_1	31630	0	1	0	1	0	1	0	1	0	1	0	1	0	1
scaffold_1	31699	0	1	0	1	0	1	0	1	0	1	0	1	0	1
scaffold_1	31734	0	1	0	1	0	1	0	1	0	1	0	1	0	1
scaffold_1	32297	0	1	0	1	1	1	0	1	0	1	0	1	0	1
scaffold_1	32303	0	1	0	1	0	1	0	1	0	1	0	1	0	1
scaffold_1	32476	0	1	0	1	0	1	0	1	0	1	0	1	0	1
scaffold_1	32813	0	1	0	1	0	1	0	1	0	1	0	1	0	1
scaffold_1	32835	0	1	0	1	0	1	0	1	0	1	0	1	0	1
scaffold_1	32989	0	1	0	1	0	1	0	1	0	1	0	1	0	1
scaffold_1	33096	0	1	0	1	0	1	0	1	0	1	0	1	0	1
scaffold_1	33286	0	1	0	1	0	1	0	1	0	1	0	1	0	1
scaffold_1	33388	0	1	0	1	0	1	0	1	0	1	0	1	1	1
scaffold_1	33518	0	1	0	1	0	1	0	1	0	1	0	1	0	1
scaffold_1	33540	0	1	1	1	0	1	0	1	0	1	1	1	0	1
scaffold_1	33768	0	0	0	0	0	0	0	0	0	0	0	0	1	0
scaffold_1	33982	0	0	0	0	1	0	0	0	0	0	0	0	0	0
scaffold_1	34235	0	0	0	0	1	0	0	0	0	0	0	0	0	0
scaffold_1	34403	0	1	0	1	1	1	0	1	0	1	0	1	1	1
scaffold_1	34648	0	1	0	1	0	1	0	1	0	1	0	1	1	1
scaffold_1	34817	0	1	0	1	0	1	0	1	0	1	0	1	1	1
scaffold_1	34962	0	1	0	1	0	1	0	1	0	1	0	1	1	1
scaffold_1	35024	0	1	0	1	0	1	0	1	0	1	0	1	1	1
scaffold_1	35033	0	1	0	1	0	1	0	1	0	1	0	1	1	1
scaffold_1	35115	0	1	0	1	0	1	0	1	0	1	0	1	1	1
scaffold_1	35238	0	0	0	0	0	0	0	0	0	0	0	0	1	0
scaffold_1	35247	0	0	0	0	0	0	0	0	0	0	0	0	1	0
scaffold_1	35295	0	1	0	1	0	1	0	1	0	1	0	1	0	1
scaffold_1	35441	0	1	0	1	0	1	0	1	0	1	0	1	0	1
scaffold_1	35584	0	1	0	1	0	1	0	1	0	1	0	1	0	1
scaffold_1	35609	0	0	1	0	0	0	0	0	0	0	1	0	0	0
scaffold_1	35680	0	1	0	1	0	1	0	1	0	1	0	1	0	1
scaffold_1	35682	0	1	0	1	0	1	0	1	0	1	0	1	0	1
scaffold_1	35774	0	1	0	1	0	1	0	1	0	1	0	1	0	1
scaffold_1	35943	0	1	0	1	0	1	0	1	0	1	0	1	0	1
scaffold_1	36096	0	0	0	0	1	0	0	0	0	0	0	0	1	0
scaffold_1	36316	0	0	0	0	1	0	0	0	0	0	0	0	1	0
scaffold_1	36356	0	0	0	0	1	0	0	0	0	0	0	0	1	0
scaffold_1	36519	0	1	0	1	0	1	0	1	0	1	0	1	0	1
scaffold_1	36575	0	1	0	1	0	1	0	1	0	1	0	1	0	1
scaffold_1	36832	1	0	0	0	1	0	1	0	0	0	0	0	0	0
scaffold_1	37037	0	1	0	1	0	1	0	1	0	1	0	1	0	1
scaffold_1	37475	0	1	0	1	0	1	0	1	0	1	0	1	0	1
scaffold_1	37501	0	1	0	1	0	1	0	1	0	1	0	1	0	1
scaffold_1	37608	0	1	0	1	0	1	0	1	0	1	0	1	0	1
scaffold_1	37715	0	1	0	1	0	1	0	1	0	1	0	1	0	1
scaffold_1	37939	0	1	0	1	0	1	0	1	0	1	0	1	0	1
scaffold_1	38027	0	1	0	1	0	1	0	1	0	1	0	1	0	1
scaffold_1	38042	0	1	1	1	0	1	0	1	0	1	1	1	1	1
scaffold_1	38221	0	1	0	1	0	1	0	1	0	1	0	1	0	1
scaffold_1	38233	0	1	0	1	0	1	0	1	0	1	0	1	0	1
scaffold_1	38279	0	1	0	1	0	1	0	1	0	1	0	1	0	1
scaffold_1	38433	0	1	0	1	0	1	0	1	0	1	0	1	0	1
scaffold_1	38538	0	1	0	1	0	1	0	1	0	1	0	1	0	1
scaffold_1	38544	0	1	0	1	0	1	0	1	0	1	0	1	0	1
scaffold_1	38775	1	0	1	0	0	0	1	0	0	0	1	0	1	0
scaffold_1	38890	0	1	0	1	0	1	0	1	0	1	0	1	0	1
scaffold_1	38971	0	1	0	1	0	1	0	1	0	1	0	1	0	1
scaffold_1	39039	0	1	0	1	0	1	0	1	0	1	0	1	0	1
scaffold_1	39220	0	1	0	1	0	1	0	1	0	1	0	1	0	1
scaffold_1	39222	0	1	0	1	0	1	0	1	0	1	0	1	0	1
scaffold_1	39239	0	1	0	1	0	1	0	1	0	1	0	1	0	1
scaffold_1	39287	0	0	1	0	0	0	0	0	0	0	1	0	1	0
scaffold_1	39436	1	1	0	1	0	1	1	1	0	1	0	1	0	1
scaffold_1	39465	1	1	0	1	0	1	1	1	0	1	0	1	0	1
scaffold_1	39471	0	1	0	1	0	1	0	1	0	1	0	1	0	1
scaffold_1	39603	1	1	0	1	0	1	1	1	0	1	0	1	0	1
scaffold_1	39635	1	1	0	1	0	1	1	1	0	1	0	1	0	1
scaffold_1	39747	0	1	0	1	0	1	0	1	0	1	0	1	0	1
scaffold_1	39842	0	0	0	0	0	1	0	1	0	1	0	0	0	0
scaffold_1	39867	1	1	0	1	1	1	1	1	0	1	0	1	0	1
scaffold_1	39886	0	1	0	1	0	0	0	1	0	1	0	1	0	0
scaffold_1	39949	0	0	0	0	0	0	0	1	0	0	0	0	0	0
scaffold_1	40022	0	1	0	1	0	1	0	1	0	1	0	1	0	1
scaffold_1	40025	1	0	0	0	0	0	1	0	0	0	0	0	0	0
scaffold_1	40040	0	0	0	1	0	0	0	1	0	1	0	1	0	1
scaffold_1	40046	0	0	0	1	0	1	0	1	0	1	0	1	0	1
scaffold_1	40095	1	0	0	0	0	0	1	0	0	0	0	0	0	0
scaffold_1	40120	1	1	0	1	0	0	1	0	0	1	0	1	0	1
scaffold_1	40247	0	1	0	0	0	0	0	1	0	1	0	0	0	0
scaffold_1	40286	0	0	0	0	0	0	0	1	0	0	0	0	0	0
scaffold_1	40350	0	1	0	1	0	1	0	1	0	1	0	1	0	1
scaffold_1	40363	0	1	0	1	0	1	0	1	0	0	0	1	0	1
scaffold_1	40408	0	1	0	1	0	1	0	1	0	1	0	1	0	1
scaffold_1	40449	0	1	0	1	0	1	0	0	0	1	0	1	0	1
scaffold_1	40476	1	0	0	0	0	0	1	0	0	0	0	0	0	0
scaffold_1	40521	1	0	0	0	0	0	1	0	0	0	0	0	0	0
scaffold_1	40603	0	0	1	0	0	0	0	0	0	0	1	0	1	0
scaffold_1	40700	1	0	0	0	0	0	1	0	0	0	0	0	0	0
scaffold_1	40731	1	0	0	0	0	0	1	0	0	0	0	0	0	0
scaffold_1	40825	0	1	0	1	0	1	0	1	0	1	0	1	0	1
scaffold_1	40919	1	0	0	0	0	0	1	0	0	0	0	0	0	0
scaffold_1	40936	0	1	0	1	0	1	0	1	0	1	0	1	0	1
scaffold_1	40937	1	1	0	1	0	1	1	1	0	1	0	1	0	1
scaffold_1	41064	1	1	0	1	0	1	1	1	0	1	0	1	0	1
scaffold_1	41138	0	1	0	1	0	1	0	1	0	1	0	1	0	0
scaffold_1	41182	0	0	0	0	0	1	0	1	0	1	0	1	0	0
scaffold_1	41199	0	1	0	1	0	0	0	1	0	0	0	1	0	0
scaffold_1	41396	1	0	0	0	0	0	1	0	0	0	0	0	0	0
scaffold_1	41415	1	1	0	1	0	1	1	1	0	1	0	1	0	1
scaffold_1	41480	0	1	0	1	0	1	0	1	0	1	0	1	0	1
scaffold_1	41510	0	1	0	1	0	1	0	1	0	1	0	1	0	1
scaffold_1	41579	0	0	1	0	0	0	0	0	0	0	1	0	1	0
scaffold_1	41608	0	1	1	1	1	1	0	1	0	1	1	1	1	1
scaffold_1	41645	0	1	1	1	1	1	0	1	0	1	1	1	1	1
scaffold_1	41726	0	1	0	1	0	1	0	0	0	0	0	1	0	1
scaffold_1	42038	0	1	0	1	0	1	0	1	0	1	0	1	0	1
scaffold_1	42244	0	1	0	1	0	1	0	1	0	1	0	1	0	1
scaffold_1	42314	0	1	0	1	0	1	0	1	0	1	0	1	0	1
scaffold_1	42352	0	1	0	1	0	1	0	1	0	1	0	1	0	1
scaffold_1	42504	0	1	0	1	0	1	0	1	0	1	0	1	0	1
scaffold_1	42556	0	1	0	1	0	1	0	1	0	1	0	1	0	1
scaffold_1	42569	0	1	0	1	0	1	0	1	0	1	0	1	0	1
scaffold_1	42576	0	1	0	1	0	1	0	1	0	1	0	1	0	1
scaffold_1	42608	0	1	0	1	0	1	0	1	0	1	0	1	0	1
scaffold_1	42620	0	1	0	1	1	1	0	1	0	1	0	1	0	1
scaffold_1	42665	0	1	0	1	1	1	0	1	0	1	0	1	0	1
scaffold_1	42707	0	1	0	1	0	1	0	1	0	1	0	1	0	1
scaffold_1	42760	0	1	0	1	1	1	0	1	0	1	0	1	0	1
scaffold_1	42814	0	1	0	1	0	1	0	1	0	1	0	1	0	1
scaffold_1	42869	0	1	0	1	0	1	0	1	0	1	0	1	0	1
scaffold_1	42882	0	0	0	0	1	0	0	0	0	0	0	0	0	0
scaffold_1	42985	0	1	0	1	1	1	0	1	0	1	0	1	0	1
scaffold_1	43071	0	1	0	1	0	1	0	1	0	1	0	1	0	1
scaffold_1	43082	1	1	1	1	1	1	1	1	0	1	1	1	1	1
scaffold_1	43206	0	0	0	0	1	0	0	0	0	0	0	0	0	0
scaffold_1	43233	0	1	0	1	1	1	0	1	0	1	0	1	0	1
scaffold_1	43254	0	0	0	0	1	0	0	0	0	0	0	0	0	0
scaffold_1	43279	0	0	0	0	1	0	0	0	0	0	0	0	0	0
scaffold_1	43280	0	1	0	1	0	1	0	1	0	1	0	1	0	1
scaffold_1	43281	0	1	0	1	0	1	0	1	0	1	0	1	0	1
scaffold_1	43414	0	1	0	1	0	1	0	1	0	1	0	1	0	1
scaffold_1	43532	0	1	0	1	0	1	0	1	0	1	0	1	0	1
scaffold_1	43577	0	1	0	1	0	1	0	1	0	1	0	1	0	1
scaffold_1	43583	0	1	0	1	0	1	0	1	0	1	0	1	0	1
scaffold_1	43650	0	1	0	1	0	1	0	1	0	1	0	1	0	1
scaffold_1	43863	0	1	0	1	0	1	0	1	0	1	0	1	0	1
scaffold_1	43864	0	1	0	1	0	1	0	1	0	1	0	1	0	1
scaffold_1	43917	0	1	0	1	1	1	0	1	0	1	0	1	0	1
scaffold_1	43979	0	1	0	1	0	1	0	1	0	1	0	1	0	1
scaffold_1	44011	0	1	0	1	0	1	0	1	0	1	0	1	0	1
scaffold_1	44013	0	1	0	1	0	1	0	1	0	1	0	1	0	1
scaffold_1	44025	0	1	0	1	0	1	0	1	0	1	0	1	0	1
scaffold_1	44050	0	0	0	0	1	0	0	0	0	0	0	0	0	0
scaffold_1	44058	0	0	0	0	1	0	0	0	0	0	0	0	0	0
scaffold_1	44066	0	0	0	0	1	0	0	0	0	0	0	0	0	0
scaffold_1	44114	0	0	0	0	1	0	0	0	0	0	0	0	0	0
scaffold_1	44115	0	0	0	0	1	0	0	0	0	0	0	0	0	0
scaffold_1	44157	0	0	0	0	1	0	0	0	0	0	0	0	0	0
scaffold_1	44228	0	0	0	0	1	0	0	0	0	0	0	0	0	0
scaffold_1	44372	0	1	0	1	0	1	0	1	0	1	0	1	0	1
scaffold_1	44463	0	0	0	0	1	0	0	0	0	0	0	0	0	0
scaffold_1	44966	0	1	0	1	0	1	0	1	0	1	0	1	0	1
scaffold_1	45076	0	1	0	1	1	1	0	1	0	1	0	1	0	1
scaffold_1	45172	0	1	0	1	1	1	0	1	0	1	0	1	0	1
scaffold_1	45176	0	1	0	1	1	1	0	1	0	1	0	1	0	1
scaffold_1	45284	0	1	0	1	1	1	0	1	0	1	0	1	0	1
scaffold_1	45355	0	1	0	1	1	1	0	1	0	1	0	1	0	1
scaffold_1	45559	0	1	0	1	1	1	0	1	0	1	0	1	0	1
scaffold_1	45576	0	1	0	1	1	1	0	1	0	1	0	1	0	1
scaffold_1	45577	0	1	0	1	1	1	0	1	0	1	0	1	0	1
scaffold_1	45587	0	1	0	1	1	1	0	1	0	1	0	1	0	1
scaffold_1	45751	0	0	0	0	1	0	0	0	0	0	0	0	0	0
scaffold_1	45788	0	0	0	0	1	0	0	0	0	0	0	0	0	0
scaffold_1	45914	0	1	0	1	1	1	0	1	0	1	0	1	0	1
scaffold_1	45971	0	1	0	1	1	1	0	1	0	1	0	1	0	1
scaffold_1	45991	0	1	0	1	1	1	0	1	0	1	0	1	0	1
scaffold_1	46047	0	1	0	1	1	1	0	1	0	1	0	1	0	1
scaffold_1	46299	0	1	0	1	1	1	0	1	0	1	0	1	0	1
scaffold_1	46312	0	1	0	1	1	1	0	1	0	1	0	1	0	1
scaffold_1	46402	0	1	0	1	1	1	0	1	0	1	0	1	0	1
scaffold_1	46477	1	1	1	1	1	1	1	1	0	1	1	1	1	1
scaffold_1	46502	0	1	1	1	1	1	0	1	0	1	1	1	0	1
scaffold_1	46520	0	1	0	1	0	1	0	1	0	1	0	1	0	1
scaffold_1	46535	0	0	1	0	0	0	0	0	0	0	1	0	1	0
scaffold_1	46634	0	1	1	1	1	1	0	1	0	1	1	1	1	1
scaffold_1	46853	0	0	0	0	1	0	0	0	0	0	0	0	0	0
scaffold_1	47620	0	0	1	0	0	0	0	0	0	0	1	0	1	0
scaffold_1	47886	0	1	1	1	1	1	0	1	0	1	1	1	1	1
scaffold_1	47897	0	1	1	1	1	1	0	1	0	1	1	1	1	1
scaffold_1	48053	0	1	1	1	1	1	0	1	0	1	1	1	1	1
scaffold_1	48502	0	0	1	0	0	0	0	0	0	0	1	0	1	0
scaffold_1	48612	1	1	1	1	1	1	1	1	0	1	1	1	1	1
scaffold_1	48675	0	1	1	1	1	1	0	1	0	1	1	1	1	1
scaffold_1	48821	0	1	0	1	0	1	0	1	0	1	0	1	0	1
scaffold_1	49386	0	0	1	0	0	0	0	0	0	0	1	0	1	0
scaffold_1	49634	0	1	0	1	0	1	0	1	0	1	0	1	0	1
scaffold_1	49706	0	0	0	0	1	0	0	0	0	0	0	0	0	0
scaffold_1	50105	0	0	1	0	0	0	0	0	0	0	1	0	1	0
scaffold_1	50272	0	1	1	1	0	1	0	1	0	1	1	1	1	1
scaffold_1	50547	0	1	1	1	0	1	0	1	0	1	1	1	1	1
scaffold_1	50549	0	1	1	1	0	1	0	1	0	1	1	1	1	1
scaffold_1	50565	0	1	1	1	0	1	0	1	0	1	1	1	1	1
scaffold_1	50573	0	1	1	1	0	1	0	1	0	1	1	1	1	1
scaffold_1	50639	0	1	1	1	0	1	0	1	0	1	1	1	1	1
scaffold_1	50977	0	1	0	1	0	1	0	1	0	1	0	1	0	1
scaffold_1	50987	0	1	0	1	0	1	0	1	0	1	0	1	0	1
scaffold_1	51043	0	0	1	0	0	0	0	0	0	0	1	0	1	0
scaffold_1	51173	0	1	0	1	0	1	0	1	0	1	0	1	0	1
scaffold_1	51296	0	1	0	1	0	1	0	1	0	1	0	1	0	1
scaffold_1	51388	0	1	0	1	0	1	0	1	0	1	0	1	0	1
scaffold_1	51426	0	1	0	1	0	1	0	1	0	1	0	1	0	1
scaffold_1	51531	0	1	0	1	0	1	0	1	0	1	0	1	0	1
scaffold_1	51619	0	1	0	1	0	1	0	1	0	1	0	1	0	1
scaffold_1	52354	1	1	1	1	1	1	1	1	0	1	1	1	1	1
scaffold_1	52734	0	0	1	0	0	0	0	0	0	0	1	0	1	0
scaffold_1	52736	0	0	1	0	0	0	0	0	0	0	1	0	1	0
scaffold_1	52780	0	0	1	0	0	0	0	0	0	0	1	0	1	0
scaffold_1	52892	0	1	0	1	0	1	0	1	0	1	0	1	0	1
scaffold_1	53041	0	0	1	0	0	0	0	0	0	0	1	0	1	0
scaffold_1	53060	0	0	1	0	0	0	0	0	0	0	1	0	1	0
scaffold_1	53088	0	0	1	0	0	0	0	0	0	0	1	0	1	0
scaffold_1	53257	0	1	0	1	0	1	0	1	0	1	0	1	0	1
scaffold_1	53560	1	1	1	1	1	1	1	1	0	1	1	1	1	1
scaffold_1	53689	0	0	1	0	0	0	0	0	0	0	1	0	1	0
scaffold_1	53695	0	1	1	1	0	1	0	1	0	1	1	1	1	1
scaffold_1	53722	1	1	1	1	1	1	1	1	0	1	1	1	1	1
scaffold_1	53741	0	0	1	0	0	0	0	0	0	0	1	0	1	0
scaffold_1	54010	1	1	1	1	1	1	1	1	0	1	1	1	1	1
scaffold_1	54100	0	1	0	1	0	1	0	1	0	1	0	1	0	1
scaffold_1	54106	0	1	0	1	0	1	0	1	0	1	0	1	0	1
scaffold_1	54148	0	1	0	1	0	1	0	1	0	1	0	1	0	1
scaffold_1	54435	0	1	0	1	0	1	0	1	0	1	0	1	0	1
scaffold_1	54536	0	1	0	1	0	1	0	1	0	1	0	1	0	1
scaffold_1	54537	0	1	0	1	0	1	0	1	0	1	0	1	0	1
scaffold_1	54631	0	1	0	1	0	1	0	1	0	1	0	1	0	1
scaffold_1	54770	0	1	0	1	0	1	0	1	0	1	0	1	0	1
scaffold_1	54801	0	1	0	1	0	1	0	1	0	1	0	1	0	1
scaffold_1	55643	0	1	0	1	0	1	0	1	0	1	0	1	0	1
scaffold_1	55824	0	1	0	1	0	1	0	1	0	1	0	1	0	1
scaffold_1	56011	0	0	1	0	1	0	0	0	0	0	1	0	1	0
scaffold_1	56169	1	0	0	0	0	0	1	0	0	0	0	0	0	0
scaffold_1	56376	0	1	0	1	0	1	0	1	0	1	0	1	0	1
scaffold_1	57060	0	1	0	1	0	1	0	1	0	1	0	1	0	1
scaffold_1	57427	0	1	0	1	0	1	0	1	0	1	0	1	0	1
scaffold_1	57428	0	1	0	1	0	1	0	1	0	1	0	1	0	1
scaffold_1	57475	0	1	0	1	0	1	0	1	0	1	0	1	0	1
scaffold_1	57643	0	0	0	0	0	0	0	0	0	0	0	0	1	0
scaffold_1	58955	0	0	1	0	0	0	0	0	0	0	1	0	0	0
scaffold_1	59253	0	1	1	1	1	1	0	1	0	1	1	1	0	1
scaffold_1	59371	0	1	1	1	1	1	0	1	0	1	1	1	0	1
scaffold_1	59465	0	0	1	0	0	0	0	0	0	0	1	0	0	0
scaffold_1	59636	0	0	1	0	0	0	0	0	0	0	1	0	0	0
scaffold_1	61765	1	0	0	0	0	0	1	0	0	0	0	0	0	0
scaffold_1	62095	0	1	0	1	0	1	0	1	0	1	0	1	0	1
scaffold_1	63299	0	1	0	1	0	1	0	1	0	1	0	1	0	1
scaffold_1	63329	0	1	0	1	0	1	0	1	0	1	0	1	0	1
scaffold_1	63755	0	0	0	0	1	0	0	0	0	0	0	0	0	0
scaffold_1	63978	0	1	0	1	0	1	0	1	0	1	0	1	0	1
scaffold_1	64183	0	1	0	1	0	1	0	1	0	1	0	1	0	1
scaffold_1	64501	0	1	0	1	0	1	0	1	0	1	0	1	0	1
scaffold_1	64523	1	1	1	1	0	1	1	1	0	1	1	1	0	1
scaffold_1	64567	0	1	0	1	0	1	0	1	0	1	0	1	0	1
scaffold_1	65257	0	1	0	1	0	1	0	1	0	1	0	1	0	1
scaffold_1	65293	0	1	0	1	0	1	0	1	0	1	0	1	0	1
scaffold_1	65412	0	1	0	1	0	1	0	1	0	1	0	1	0	1
scaffold_1	65794	0	0	0	0	1	0	0	0	0	0	0	0	1	0
scaffold_1	66738	0	1	0	1	0	1	0	1	0	1	0	1	0	1
scaffold_1	67066	0	1	0	1	0	1	0	1	0	1	0	1	0	1
scaffold_1	67553	0	1	0	1	0	1	0	1	0	1	0	1	0	1
scaffold_1	67738	0	1	0	1	0	1	0	1	0	1	0	1	0	1
scaffold_1	68673	1	0	0	0	0	0	1	0	0	0	0	0	0	0
scaffold_1	69045	1	1	1	1	1	1	1	1	0	1	1	1	0	1
scaffold_1	69603	0	1	0	1	0	1	0	1	0	1	0	1	0	1
scaffold_1	69764	0	1	0	1	1	1	0	1	0	1	0	1	1	1
scaffold_1	69902	1	0	0	0	0	0	1	0	0	0	0	0	0	0
scaffold_1	70014	0	1	0	1	0	1	0	1	0	1	0	1	0	1
scaffold_1	70031	1	1	1	1	1	1	1	1	0	1	1	1	1	1
scaffold_1	70034	1	1	0	1	0	1	1	1	0	1	0	1	0	1
scaffold_1	70040	1	1	0	1	0	1	1	1	0	1	0	1	0	1
scaffold_1	70110	1	1	0	1	0	1	1	1	0	1	0	1	0	1
scaffold_1	70216	1	1	0	1	0	1	1	1	0	1	0	1	0	1
scaffold_1	70250	0	0	0	0	0	0	0	0	0	0	0	0	1	0
scaffold_1	70283	0	0	0	0	0	0	0	0	0	0	0	0	1	0
scaffold_1	70378	0	1	0	1	0	1	0	1	0	1	0	1	0	1
scaffold_1	70627	0	1	0	1	0	1	0	1	0	1	0	1	0	1
scaffold_1	71152	0	0	0	0	1	0	0	0	0	0	0	0	0	0
scaffold_1	71209	0	1	0	1	0	1	0	1	0	1	0	1	0	1
scaffold_1	71233	0	1	0	1	0	1	0	1	0	1	0	1	0	1
scaffold_1	71297	0	1	0	1	0	1	0	1	0	1	0	1	0	1
scaffold_1	71584	0	1	0	1	0	1	0	1	0	1	0	1	0	1
scaffold_1	71587	0	1	0	1	0	1	0	1	0	1	0	1	0	1
scaffold_1	71601	0	1	0	1	0	1	0	1	0	1	0	1	0	1
scaffold_1	71632	0	1	0	1	0	1	0	1	0	1	0	1	0	1
scaffold_1	71730	1	0	0	0	0	0	1	0	0	0	0	0	0	0
scaffold_1	71825	1	1	1	1	1	1	1	1	0	1	1	1	1	1
scaffold_1	71831	1	1	1	1	1	1	1	1	0	1	1	1	1	1
scaffold_1	72297	0	1	0	1	0	1	0	1	0	1	0	1	0	1
scaffold_1	72316	0	1	0	1	0	1	0	1	0	1	0	1	0	1
scaffold_1	72329	0	1	0	1	0	1	0	1	0	1	0	1	0	1
scaffold_1	72570	1	1	0	1	1	1	1	1	0	1	0	1	1	1
scaffold_1	72623	0	0	0	0	0	0	0	0	0	0	0	0	1	0
scaffold_1	73464	1	0	0	0	0	0	1	0	0	0	0	0	0	0
scaffold_1	73717	0	0	0	0	1	0	0	0	0	0	0	0	0	0
scaffold_1	74092	1	1	0	1	1	1	1	1	0	1	0	1	1	1
scaffold_1	74164	0	1	0	1	0	1	0	1	0	1	0	1	0	1
scaffold_1	74207	0	1	0	1	0	1	0	1	0	1	0	1	0	1
scaffold_1	74596	0	0	0	0	1	0	0	0	0	0	0	0	0	0
scaffold_1	75083	1	0	0	0	0	0	1	0	0	0	0	0	0	0
scaffold_1	75146	0	1	0	1	0	1	0	1	0	1	0	1	0	1
scaffold_1	75180	0	1	0	1	0	1	0	1	0	1	0	1	0	1
scaffold_1	75196	0	0	1	0	0	0	0	0	0	0	1	0	0	0
scaffold_1	75296	1	1	0	1	0	1	1	1	0	1	0	1	1	1
scaffold_1	75347	1	0	0	0	0	0	1	0	0	0	0	0	0	0
scaffold_1	75421	0	0	0	0	0	0	0	0	0	0	0	0	1	0
scaffold_1	75505	1	1	1	1	0	1	1	1	0	1	1	1	1	1
scaffold_1	75683	0	0	1	0	0	0	0	0	0	0	1	0	0	0
scaffold_1	75895	1	0	0	0	0	0	1	0	0	0	0	0	0	0
scaffold_1	75941	0	1	0	1	0	1	0	1	0	1	0	1	0	1
scaffold_1	76110	0	1	0	1	0	1	0	1	0	1	0	1	0	1
scaffold_1	76255	1	0	0	0	0	0	1	0	0	0	0	0	0	0
scaffold_1	76477	0	1	0	1	0	1	0	1	0	1	0	1	0	1
scaffold_1	76677	1	1	0	1	0	1	1	1	0	1	0	1	0	1
scaffold_1	77944	0	1	0	1	0	1	0	1	0	1	0	1	1	1
scaffold_1	78041	1	0	0	0	0	0	1	0	0	0	0	0	0	0
scaffold_1	78144	1	0	0	0	0	0	1	0	0	0	0	0	1	0
scaffold_1	78158	1	0	0	0	0	0	1	0	0	0	0	0	1	0
scaffold_1	78240	1	0	0	0	0	0	1	0	0	0	0	0	1	0
scaffold_1	79397	0	1	0	1	0	1	0	1	0	1	0	1	0	1
scaffold_1	79599	0	0	0	0	1	0	0	0	0	0	0	0	0	0
scaffold_1	79607	0	1	0	1	0	1	0	1	0	1	0	1	0	1
scaffold_1	79669	0	1	0	1	0	1	0	1	0	1	0	1	0	1
scaffold_1	79782	1	0	0	0	0	0	1	0	0	0	0	0	0	0
scaffold_1	80022	1	1	0	1	1	1	1	1	0	1	0	1	1	1
scaffold_1	80171	0	1	0	1	0	1	0	1	0	1	0	1	0	1
scaffold_1	80324	0	1	0	1	0	1	0	1	0	1	0	1	0	1
scaffold_1	80627	0	1	0	1	0	1	0	1	0	1	0	1	0	1
scaffold_1	80794	0	1	0	1	0	1	0	1	0	1	0	1	0	1
scaffold_1	80894	0	1	0	1	0	1	0	1	0	1	0	1	0	1
scaffold_1	81044	0	1	0	1	0	1	0	1	0	1	0	1	0	1
scaffold_1	81264	0	1	0	1	0	1	0	1	0	1	0	1	0	1
scaffold_1	81293	0	1	0	1	0	1	0	1	0	1	0	1	0	1
scaffold_1	81301	0	1	0	1	0	1	0	1	0	1	0	1	0	1
scaffold_1	81701	0	0	0	0	1	0	0	0	0	0	0	0	0	0
scaffold_1	81743	0	1	0	1	0	1	0	1	0	1	0	1	0	1
scaffold_1	81877	0	1	0	1	0	1	0	1	0	1	0	1	0	1
scaffold_1	81981	0	1	0	1	0	1	0	1	0	1	0	1	0	1
scaffold_1	82009	0	1	0	1	0	1	0	1	0	1	0	1	0	1
scaffold_1	82717	0	1	0	1	0	1	0	1	0	1	0	1	0	1
scaffold_1	82755	1	0	0	0	0	0	1	0	0	0	0	0	0	0
scaffold_1	82799	0	1	0	1	1	1	0	1	0	1	0	1	0	1
scaffold_1	82925	1	1	1	1	1	1	1	1	0	1	1	1	1	1
scaffold_1	83028	1	1	1	1	1	1	1	1	0	1	1	1	1	1
scaffold_1	83693	0	1	0	1	0	1	0	1	0	1	0	1	0	1
scaffold_1	83711	1	0	0	0	0	0	1	0	0	0	0	0	0	0
scaffold_1	83739	1	1	1	1	0	1	1	1	0	1	1	1	1	1
scaffold_1	83749	0	1	0	1	0	1	0	1	0	1	0	1	0	1
scaffold_1	83842	0	1	0	1	0	1	0	1	0	1	0	1	0	1
scaffold_1	84028	0	1	0	1	0	1	0	1	0	1	0	1	0	1
scaffold_1	84048	1	0	1	0	1	0	1	0	0	0	1	0	0	0
scaffold_1	84247	0	0	1	0	1	0	1	0	0	0	1	0	1	0
scaffold_1	84257	0	0	1	0	1	0	1	0	0	0	1	0	1	0
scaffold_1	85013	0	1	0	1	0	1	0	1	0	1	0	1	0	1
scaffold_1	85159	0	1	0	1	0	1	0	1	0	1	0	1	0	1
scaffold_1	86217	0	0	0	0	0	0	1	0	0	0	0	0	0	0
scaffold_1	87531	0	1	0	1	0	1	0	1	0	1	0	1	0	1
scaffold_1	87639	0	0	0	0	0	0	0	0	0	0	0	0	1	0
scaffold_1	87891	0	1	0	1	0	1	0	1	0	1	0	1	0	1
scaffold_1	87905	0	1	0	1	0	1	0	1	0	1	0	1	0	1
scaffold_1	88055	0	0	0	0	1	0	0	0	0	0	0	0	0	0
scaffold_1	88095	0	1	0	1	0	1	0	1	0	1	0	1	0	1
scaffold_1	88105	0	0	0	0	1	0	0	0	0	0	0	0	0	0
scaffold_1	88118	0	0	0	0	0	0	0	0	0	0	0	0	1	0
scaffold_1	88175	0	0	0	0	1	0	0	0	0	0	0	0	0	0
scaffold_1	88840	0	0	0	0	0	0	0	0	0	0	0	0	1	0
scaffold_1	88872	0	0	0	0	0	0	0	0	0	0	0	0	1	0
scaffold_1	88959	0	1	0	1	0	1	0	1	0	1	0	1	0	1
scaffold_1	89061	0	1	0	1	1	1	1	1	0	1	0	1	1	1
scaffold_1	89448	0	1	0	1	0	1	0	1	0	1	0	1	1	1
scaffold_1	89631	0	1	0	1	0	1	1	1	0	1	0	1	1	1
scaffold_1	90287	0	1	0	1	0	1	0	1	0	1	0	1	0	1
scaffold_1	90307	0	0	0	0	1	0	1	0	0	0	0	0	0	0
scaffold_1	90386	0	1	0	1	0	1	0	1	0	1	0	1	0	1
scaffold_1	90403	0	1	0	1	0	1	0	1	0	1	0	1	0	1
scaffold_1	90425	0	1	0	1	0	1	0	1	0	1	0	1	0	1
scaffold_1	90574	0	1	0	1	0	1	0	1	0	1	0	1	0	1
scaffold_1	90637	0	0	0	0	1	0	0	0	0	0	0	0	0	0
scaffold_1	91768	0	1	0	1	0	1	0	1	0	1	0	1	0	1
scaffold_1	91847	0	0	1	0	0	0	0	0	0	0	1	0	0	0
scaffold_1	91900	0	1	0	1	0	1	0	1	0	1	0	1	0	1
scaffold_1	91921	0	1	0	1	0	1	0	1	0	1	0	1	0	1
scaffold_1	92123	0	1	0	1	0	1	0	1	0	1	0	1	0	1
scaffold_1	92290	0	1	0	1	0	1	0	1	0	1	0	1	0	1
scaffold_1	92332	0	1	0	1	0	1	0	1	0	1	0	1	0	1
scaffold_1	92806	0	1	0	1	0	1	0	1	0	1	0	1	0	1
scaffold_1	93180	0	1	0	1	0	1	0	1	0	1	0	1	0	1
scaffold_1	93507	0	1	0	1	0	1	0	1	0	1	0	1	0	1
scaffold_1	93579	0	1	0	1	0	1	0	1	0	1	0	1	0	1
scaffold_1	93980	0	1	0	1	0	1	0	1	0	1	0	1	0	1
scaffold_1	94065	0	1	0	1	0	1	0	1	0	1	0	1	0	1
scaffold_1	94113	0	0	1	0	0	0	1	0	0	0	1	0	0	0
scaffold_1	94132	0	0	1	0	0	0	1	0	0	0	1	0	0	0
scaffold_1	94141	0	1	1	1	0	1	1	1	0	1	1	1	0	1
scaffold_1	94345	0	1	0	1	0	1	0	1	0	1	0	1	0	1
scaffold_1	94405	0	0	1	0	0	0	1	0	0	0	1	0	0	0
scaffold_1	94450	0	0	1	0	0	0	0	0	0	0	1	0	0	0
scaffold_1	94495	0	1	0	1	0	1	0	1	0	1	0	1	0	1
scaffold_1	94540	0	1	0	1	0	1	0	1	0	1	0	1	0	1
scaffold_1	94692	0	1	1	1	0	1	1	1	0	1	1	1	0	1
scaffold_1	94698	0	1	1	1	0	1	1	1	0	1	1	1	0	1
scaffold_1	94705	0	1	1	1	0	1	1	1	0	1	1	1	0	1
scaffold_1	95250	0	1	0	1	0	1	0	1	0	1	0	1	0	1
scaffold_1	95587	0	1	1	1	0	1	0	1	0	1	1	1	0	1
scaffold_1	95618	0	1	1	1	0	1	0	1	0	1	1	1	0	1
scaffold_1	95754	0	1	0	1	0	1	0	1	0	1	0	1	0	1
scaffold_1	95786	0	1	0	1	0	1	0	1	0	1	0	1	0	1
scaffold_1	95959	0	1	0	1	0	1	0	1	0	1	0	1	0	1
scaffold_1	95965	0	1	1	1	0	1	0	1	0	1	1	1	0	1
scaffold_1	95968	0	1	1	1	1	1	1	1	0	1	1	1	0	1
scaffold_1	95983	0	1	0	1	0	1	0	1	0	1	0	1	0	1
scaffold_1	96009	0	0	1	0	0	0	0	0	0	0	1	0	0	0
scaffold_1	96179	0	1	1	1	0	1	0	1	0	1	1	1	0	1
scaffold_1	96331	0	1	1	1	0	1	0	1	0	1	1	1	0	1
scaffold_1	96535	0	0	0	0	0	0	1	0	0	0	0	0	0	0
scaffold_1	96588	0	1	1	1	1	1	1	1	0	1	1	1	0	1
scaffold_1	96648	0	1	0	1	0	1	0	1	0	1	0	1	0	1
scaffold_1	96999	0	0	1	0	0	0	1	0	0	0	1	0	0	0
scaffold_1	97040	0	1	0	1	0	1	0	1	0	1	0	1	0	1
scaffold_1	97153	0	1	0	1	0	1	0	1	0	1	0	1	0	1
scaffold_1	97198	0	1	0	1	0	1	0	1	0	1	0	1	0	1
scaffold_1	97255	0	1	1	1	0	1	1	1	0	1	1	1	0	1
scaffold_1	97297	0	1	0	1	0	1	0	1	0	1	0	1	0	1
scaffold_1	97453	0	0	1	0	0	0	1	0	0	0	1	0	0	0
scaffold_1	97554	0	0	0	0	0	0	0	0	0	0	0	0	1	0
scaffold_1	97576	0	1	1	1	0	1	1	1	0	1	1	1	0	1
scaffold_1	97968	0	1	0	1	0	1	0	1	0	1	0	1	0	1
scaffold_1	99251	0	0	1	0	1	0	1	0	0	0	1	0	0	0
scaffold_1	99961	0	1	0	1	0	1	0	1	0	1	0	1	0	1
scaffold_1	99990	0	1	0	1	0	1	0	1	0	1	0	1	0	1
scaffold_1	100656	0	0	1	0	1	0	0	0	0	0	1	0	0	0
scaffold_1	100854	0	1	1	1	1	1	1	1	0	1	1	1	0	1
scaffold_1	101199	0	0	1	0	1	0	0	0	0	0	1	0	0	0
scaffold_1	101210	0	0	1	0	1	0	1	0	0	0	1	0	0	0
scaffold_1	101583	0	0	0	0	0	0	1	0	0	0	0	0	0	0
scaffold_1	101686	0	0	1	0	1	0	0	0	0	0	1	0	0	0
scaffold_1	102079	0	1	0	1	0	1	0	1	0	1	0	1	0	1
scaffold_1	102221	0	1	0	1	0	1	0	1	0	1	0	1	0	1
scaffold_1	102265	0	1	1	1	1	1	1	1	0	1	1	1	0	1
scaffold_1	102384	0	0	1	0	1	0	1	0	0	0	1	0	0	0
scaffold_1	102863	0	0	1	0	1	0	0	0	0	0	1	0	0	0
scaffold_1	103297	0	1	1	1	1	1	1	1	0	1	1	1	0	1
scaffold_1	103375	0	1	0	1	0	1	0	1	0	1	0	1	0	1
scaffold_1	103495	0	1	1	1	1	1	1	1	0	1	1	1	0	1
scaffold_1	103502	0	0	0	0	0	0	0	0	0	0	0	0	1	0
scaffold_1	104603	0	1	0	1	0	1	0	1	0	1	0	1	0	1
scaffold_1	104759	0	1	1	1	1	1	1	1	0	1	1	1	0	1
scaffold_1	104920	0	1	1	1	1	1	1	1	0	1	1	1	0	1
scaffold_1	104958	0	0	1	0	1	0	0	0	0	0	1	0	0	0
scaffold_1	105441	0	1	0	1	0	1	1	1	0	1	0	1	0	1
scaffold_1	105850	0	1	0	1	0	1	0	1	0	1	0	1	0	1
scaffold_1	106124	0	0	1	0	1	0	0	0	0	0	1	0	0	0
scaffold_1	106179	0	0	1	0	1	0	0	0	0	0	1	0	0	0
scaffold_1	106539	0	1	1	1	1	1	1	1	0	1	1	1	0	1
scaffold_1	106833	0	0	0	0	0	0	1	0	0	0	0	0	0	0
scaffold_1	107189	0	1	1	1	1	1	0	1	0	1	1	1	0	1
scaffold_1	107299	0	0	1	0	1	0	0	0	0	0	1	0	0	0
scaffold_1	107382	0	0	1	0	1	0	0	0	0	0	1	0	0	0
scaffold_1	107471	0	1	0	1	0	1	0	1	0	1	0	1	0	1
scaffold_1	107560	0	1	1	1	1	1	1	1	0	1	1	1	0	1
scaffold_1	107881	0	1	0	1	0	1	0	1	0	1	0	1	0	1
scaffold_1	107902	0	1	0	1	0	1	0	1	0	1	0	1	0	1
scaffold_1	108456	1	1	1	1	1	1	1	1	0	1	1	1	0	1
scaffold_1	108719	0	1	0	1	0	1	0	1	0	1	0	1	0	1
scaffold_1	108768	0	0	0	0	1	0	0	0	0	0	0	0	0	0
scaffold_1	109279	0	1	0	1	0	1	0	1	0	1	0	1	0	1
scaffold_1	109367	0	1	0	1	0	1	0	1	0	1	0	1	0	1
scaffold_1	109553	0	0	1	0	0	0	1	0	0	0	1	0	0	0
scaffold_1	109756	1	1	1	1	0	1	1	1	0	1	1	1	0	1
scaffold_1	109882	0	1	0	1	0	1	0	1	0	1	0	1	0	1
scaffold_1	109968	1	1	1	1	1	1	1	1	0	1	1	1	0	1
scaffold_1	110261	0	1	0	1	0	1	0	1	0	1	0	1	0	1
scaffold_1	110294	0	1	0	1	0	1	0	1	0	1	0	1	0	1
scaffold_1	110717	0	0	1	0	0	0	1	0	0	0	1	0	0	0
scaffold_1	110771	1	1	1	1	0	1	1	1	0	1	1	1	0	1
scaffold_1	111067	1	1	1	1	0	1	0	1	0	1	1	1	0	1
scaffold_1	111521	0	1	0	1	0	1	0	1	0	1	0	1	0	1
scaffold_1	111526	0	1	0	1	0	1	0	1	0	1	0	1	0	1
scaffold_1	111699	0	1	0	1	0	1	0	1	0	1	0	1	0	1
scaffold_1	111732	0	1	0	1	0	1	0	1	0	1	0	1	0	1
scaffold_1	111974	1	0	0	0	0	0	0	0	0	0	0	0	0	0
scaffold_1	111978	1	0	1	0	1	0	1	0	0	0	1	0	0	0
scaffold_1	112241	0	0	1	0	1	0	1	0	0	0	1	0	0	0
scaffold_1	112523	0	1	0	1	0	1	0	1	0	1	0	1	0	1
scaffold_1	112998	0	0	1	0	0	0	0	0	0	0	1	0	0	0
scaffold_1	113003	1	0	0	0	1	0	0	0	0	0	0	0	0	0
scaffold_1	113442	0	0	0	0	0	0	1	0	0	0	0	0	0	0
scaffold_1	113755	0	1	0	1	0	1	0	1	0	1	0	1	0	1
scaffold_1	113859	1	1	1	1	1	1	1	1	0	1	1	1	0	1
scaffold_1	114190	0	1	0	1	0	1	0	1	0	1	0	1	0	1
scaffold_1	114861	0	1	0	1	1	1	0	1	0	1	0	1	0	1
scaffold_1	114868	0	1	0	1	0	1	0	1	0	1	0	1	0	1
scaffold_1	114919	0	0	0	0	1	0	0	0	0	0	0	0	0	0
scaffold_1	115448	0	1	0	1	0	1	0	1	0	1	0	1	0	1
scaffold_1	115612	0	1	0	1	0	1	0	1	0	1	0	1	0	1
scaffold_1	115665	0	1	0	1	0	1	0	1	0	1	0	1	0	1
scaffold_1	115893	0	0	0	0	1	0	0	0	0	0	0	0	0	0
scaffold_1	116003	1	1	1	1	1	1	0	1	0	1	1	1	1	1
scaffold_1	116574	0	1	0	1	0	1	0	1	0	1	0	1	0	1
scaffold_1	116650	1	1	1	1	1	1	0	1	0	1	1	1	1	1
scaffold_1	117132	0	0	0	0	1	0	0	0	0	0	0	0	1	0
scaffold_1	117586	1	1	1	1	1	1	1	1	0	1	1	1	1	1
scaffold_1	118685	0	1	0	1	0	1	0	1	0	1	0	1	0	1
scaffold_1	118732	0	1	0	1	0	1	0	1	0	1	0	1	0	1
scaffold_1	118904	0	1	0	1	0	1	0	1	0	1	0	1	0	1
scaffold_1	119132	0	1	0	1	0	1	0	1	0	1	0	1	0	1
scaffold_1	119219	0	0	1	0	1	0	0	0	0	0	1	0	0	0
scaffold_1	119294	0	0	0	0	0	0	0	0	0	0	0	0	1	0
scaffold_1	119495	0	0	0	0	1	0	0	0	0	0	0	0	1	0
scaffold_1	119672	0	1	0	1	0	1	0	1	0	1	0	1	0	1
scaffold_1	119823	1	0	0	0	0	0	0	0	0	0	0	0	0	0
scaffold_1	119831	0	1	0	1	0	1	0	1	0	1	0	1	0	1
scaffold_1	120762	0	1	0	1	0	1	0	1	0	1	0	1	0	1
scaffold_1	120949	0	1	0	1	1	1	0	1	0	1	0	1	1	1
scaffold_1	121505	0	0	0	0	0	0	0	0	0	0	0	0	1	0
scaffold_1	121634	0	1	0	1	0	1	0	1	0	1	0	1	0	1
scaffold_1	121762	0	1	0	1	0	1	0	1	0	1	0	1	0	1
scaffold_1	121924	0	1	0	1	0	1	0	1	0	1	0	1	0	1
scaffold_1	121930	0	1	0	1	0	1	0	1	0	1	0	1	0	1
scaffold_1	122659	0	0	0	0	0	0	1	0	0	0	0	0	0	0
scaffold_1	122719	1	1	1	1	1	1	0	1	0	1	1	1	0	1
scaffold_1	122989	0	1	0	1	0	1	0	1	0	1	0	1	0	1
scaffold_1	123455	1	0	1	0	1	0	0	0	0	0	1	0	1	0
scaffold_1	123522	0	1	0	1	0	1	0	1	0	1	0	1	0	1
scaffold_1	123606	0	0	1	0	0	0	0	0	0	0	1	0	0	0
scaffold_1	123675	1	0	0	0	0	0	0	0	0	0	0	0	0	0
scaffold_1	123772	0	0	0	0	1	0	0	0	0	0	0	0	0	0
scaffold_1	123909	0	1	0	1	0	1	0	1	0	1	0	1	0	1
scaffold_1	124392	0	1	0	1	0	1	0	1	0	1	0	1	1	1
scaffold_1	124470	1	0	0	0	0	0	0	0	0	0	0	0	0	0
scaffold_1	124568	0	1	0	1	0	1	0	1	0	1	0	1	0	1
scaffold_1	124573	1	1	1	1	0	1	0	1	0	1	1	1	1	1
scaffold_1	124578	0	1	0	1	0	1	0	1	0	1	0	1	0	1
scaffold_1	124809	0	1	0	1	0	1	0	1	0	1	0	1	0	1
scaffold_1	124991	0	1	0	1	0	1	0	1	0	1	0	1	0	1
scaffold_1	125261	0	1	0	1	0	1	0	1	0	1	0	1	0	1
scaffold_1	125345	0	0	0	0	0	0	0	0	0	0	0	0	1	0
scaffold_1	125845	0	1	0	1	0	1	0	1	0	1	0	1	1	1
scaffold_1	126002	1	0	0	0	0	0	0	0	0	0	0	0	0	0
scaffold_1	126023	0	1	0	1	0	1	0	1	0	1	0	1	0	1
scaffold_1	126347	1	1	1	1	1	1	0	1	0	1	1	1	1	1
scaffold_1	126441	0	1	0	1	0	1	0	1	0	1	0	1	0	1
scaffold_1	126623	0	1	0	1	0	1	0	1	0	1	0	1	0	1
scaffold_1	126625	0	1	0	1	0	1	0	1	0	1	0	1	0	1
scaffold_1	126631	0	0	1	0	0	0	0	0	0	0	1	0	1	0
scaffold_1	126657	0	0	0	0	0	0	0	0	0	0	0	0	1	0
scaffold_1	126902	1	1	1	1	1	1	0	1	0	1	1	1	1	1
scaffold_1	127056	0	1	0	1	0	1	0	1	0	1	0	1	0	1
scaffold_1	127275	0	1	0	1	0	1	0	1	0	1	0	1	0	1
scaffold_1	127660	0	0	0	0	1	0	0	0	0	0	0	0	1	0
scaffold_1	127943	0	1	0	1	0	1	0	1	0	1	0	1	0	1
scaffold_1	128000	0	1	0	1	0	1	0	1	0	1	0	1	0	1
scaffold_1	128203	0	1	0	1	0	1	0	1	0	1	0	1	0	1
scaffold_1	128285	0	1	0	1	0	1	0	1	0	1	0	1	0	1
scaffold_1	128585	0	1	1	1	0	1	0	1	0	1	1	1	0	1
scaffold_1	128969	0	1	0	1	0	1	0	1	0	1	0	1	0	1
scaffold_1	129374	0	1	0	1	0	1	0	1	0	1	0	1	0	1
scaffold_1	129780	1	0	1	0	1	0	0	0	0	0	1	0	1	0
scaffold_1	129825	0	0	0	0	1	0	0	0	0	0	0	0	0	0
scaffold_1	130216	1	0	0	0	0	0	0	0	0	0	0	0	0	0
scaffold_1	130359	1	1	1	1	1	1	0	1	0	1	1	1	1	1
scaffold_1	130519	1	0	0	0	0	0	0	0	0	0	0	0	0	0
scaffold_1	130542	0	1	1	1	1	1	0	1	0	1	1	1	0	1
scaffold_1	130617	0	1	0	1	0	1	0	1	0	1	0	1	0	1
scaffold_1	131538	0	1	0	1	0	1	0	1	0	1	0	1	0	1
scaffold_1	131556	0	1	0	1	0	1	0	1	0	1	0	1	0	1
scaffold_1	131657	0	1	0	1	0	1	0	1	0	1	0	1	0	1
scaffold_1	131726	1	1	1	1	1	1	0	1	0	1	1	1	1	1
scaffold_1	132579	0	1	0	1	0	1	0	1	0	1	0	1	0	1
scaffold_1	133518	0	0	1	0	0	0	0	0	0	0	1	0	0	0
scaffold_1	134722	1	0	0	0	0	0	0	0	0	0	0	0	1	0
scaffold_1	134946	0	1	1	1	1	1	0	1	0	1	1	1	0	1
scaffold_1	135055	0	1	0	1	0	1	0	1	0	1	0	1	0	1
scaffold_1	135285	0	1	0	1	0	1	0	1	0	1	0	1	0	1
scaffold_1	135354	0	1	0	1	0	1	0	1	0	1	0	1	0	1
scaffold_1	135401	0	1	0	1	0	1	0	1	0	1	0	1	0	1
scaffold_1	135514	0	1	0	1	0	1	0	1	0	1	0	1	0	1
scaffold_1	135820	0	1	0	1	0	1	0	1	0	1	0	1	1	1
scaffold_1	135875	1	1	0	1	0	1	0	1	0	1	0	1	1	1
scaffold_1	136646	1	0	0	0	0	0	0	0	0	0	0	0	0	0
scaffold_1	136649	0	1	0	1	0	1	0	1	0	1	0	1	0	1
scaffold_1	136962	0	1	0	1	0	1	0	1	0	1	0	1	0	1
scaffold_1	137052	0	1	0	1	0	1	0	1	0	1	0	1	0	1
scaffold_1	137096	0	1	0	1	0	1	0	1	0	1	0	1	0	1
scaffold_1	137427	0	1	0	1	0	1	0	1	0	1	0	1	0	1
scaffold_1	138094	0	1	0	1	0	1	0	1	0	1	0	1	0	1
scaffold_1	138666	0	1	0	1	0	1	0	1	0	1	0	1	0	1
scaffold_1	138865	0	1	0	1	0	1	0	1	0	1	0	1	0	1
scaffold_1	139420	0	1	0	1	1	1	0	1	0	1	0	1	1	1
scaffold_1	139597	0	1	0	1	0	1	0	1	0	1	0	1	0	1
scaffold_1	139749	0	0	0	0	0	0	0	0	0	0	0	0	1	0
scaffold_1	139772	0	1	0	1	0	1	0	1	0	1	0	1	0	1
scaffold_1	139826	0	1	0	1	0	1	0	1	0	1	0	1	0	1
scaffold_1	139890	0	1	0	1	0	1	0	1	0	1	0	1	0	1
scaffold_1	139923	0	1	0	1	0	1	0	1	0	1	0	1	0	1
scaffold_1	140049	0	1	0	1	0	1	0	1	0	1	0	1	0	1
scaffold_1	140754	0	0	0	0	0	0	0	0	0	0	0	0	1	0
scaffold_1	140846	1	1	0	1	1	1	0	1	0	1	0	1	1	1
scaffold_1	141286	0	1	0	1	0	1	0	1	0	1	0	1	0	1
scaffold_1	141369	0	1	0	1	0	1	0	1	0	1	0	1	0	1
scaffold_1	141709	0	1	0	1	0	1	0	1	0	1	0	1	0	1
scaffold_1	141887	0	1	0	1	0	1	0	1	0	1	0	1	0	1
scaffold_1	142176	0	1	0	1	0	1	0	1	0	1	0	1	0	1
scaffold_1	142810	0	1	0	1	0	1	0	1	0	1	0	1	0	1
scaffold_1	143306	0	1	0	1	0	1	0	1	0	1	0	1	0	1
scaffold_1	143410	1	1	0	1	1	1	0	1	0	1	0	1	1	1
scaffold_1	144248	0	0	1	0	0	0	0	0	0	0	1	0	0	0
scaffold_1	144384	0	1	0	1	0	1	0	1	0	1	0	1	0	1
scaffold_1	144610	0	1	0	1	0	1	0	1	0	1	0	1	0	1
scaffold_1	144858	0	0	1	0	0	0	0	0	0	0	1	0	0	0
scaffold_1	145187	1	0	0	0	0	0	0	0	0	0	0	0	0	0
scaffold_1	145305	0	1	0	1	0	1	0	1	0	1	0	1	0	1
scaffold_1	145522	0	1	0	1	1	1	0	1	0	1	0	1	0	1
scaffold_1	145862	0	1	0	1	0	1	0	1	0	1	0	1	0	1
scaffold_1	146052	0	1	0	1	0	1	0	1	0	1	0	1	0	1
scaffold_1	146110	0	0	1	0	0	0	0	0	0	0	1	0	0	0
scaffold_1	146251	0	0	1	0	0	0	0	0	0	0	1	0	0	0
scaffold_1	146481	0	0	1	0	1	0	0	0	0	0	1	0	0	0
scaffold_1	146628	1	0	1	0	1	0	0	0	0	0	1	0	1	0
scaffold_1	146683	1	1	1	1	1	1	0	1	0	1	1	1	1	1
scaffold_1	146921	1	0	0	0	0	0	0	0	0	0	0	0	0	0
scaffold_1	147037	0	1	0	1	0	1	0	1	0	1	0	1	0	1
scaffold_1	147157	0	1	0	1	0	1	0	1	0	1	0	1	0	1
scaffold_1	147590	0	1	0	1	0	1	0	1	0	1	0	1	0	1
scaffold_1	147848	1	1	1	1	1	1	0	1	0	1	1	1	1	1
scaffold_1	148030	0	0	1	0	0	0	0	0	0	0	1	0	0	0
scaffold_1	148410	1	0	0	0	0	0	0	0	0	0	0	0	0	0
scaffold_1	148438	0	1	0	1	0	1	0	1	0	1	0	1	0	1
scaffold_1	148523	0	0	1	0	1	0	0	0	0	0	1	0	0	0
scaffold_1	149546	0	0	1	0	0	0	0	0	0	0	1	0	0	0
scaffold_1	149560	0	0	1	0	1	0	1	0	0	0	1	0	1	0
scaffold_1	149586	0	0	1	0	1	0	1	0	0	0	1	0	1	0
scaffold_1	149607	0	0	1	0	1	0	1	0	0	0	1	0	1	0
scaffold_1	149673	0	1	1	1	1	1	1	1	0	1	1	1	1	1
scaffold_1	149681	0	0	1	0	0	0	0	0	0	0	1	0	0	0
scaffold_1	149793	0	0	1	0	0	0	0	0	0	0	1	0	0	0
scaffold_1	149942	0	0	1	0	0	0	0	0	0	0	1	0	0	0
scaffold_1	150590	0	1	0	1	0	1	0	1	0	1	0	1	0	1
scaffold_1	150916	0	1	0	1	0	1	0	1	0	1	0	1	0	1
scaffold_1	151096	0	1	0	1	0	1	0	1	0	1	0	1	0	1
scaffold_1	151178	0	0	0	0	1	0	0	0	0	0	0	0	0	0
scaffold_1	151237	0	0	0	0	1	0	0	0	0	0	0	0	0	0
scaffold_1	151343	0	1	0	1	0	1	0	1	0	1	0	1	0	1
scaffold_1	151376	0	0	0	0	1	0	0	0	0	0	0	0	0	0
scaffold_1	151397	0	1	0	1	0	1	0	1	0	1	0	1	0	1
scaffold_1	151659	0	0	0	0	0	0	1	0	0	0	0	0	0	0
scaffold_1	151829	0	0	0	0	0	0	1	0	0	0	0	0	0	0
scaffold_1	152723	0	0	0	0	0	0	1	0	0	0	0	0	0	0
scaffold_1	152743	0	1	0	1	0	1	0	1	0	1	0	1	0	1
scaffold_1	152767	0	1	0	1	0	1	0	1	0	1	0	1	0	1
scaffold_1	153845	0	1	0	1	0	1	0	1	0	1	0	1	0	1
scaffold_1	153874	0	1	0	1	0	1	0	1	0	1	0	1	0	1
scaffold_1	153880	0	0	0	0	0	0	0	0	0	0	0	0	1	0
scaffold_1	153896	0	1	0	1	0	1	0	1	0	1	0	1	0	1
scaffold_1	154486	0	1	0	1	0	1	0	1	0	1	0	1	0	1
scaffold_1	154601	1	0	1	0	1	0	0	0	0	0	1	0	1	0
scaffold_1	154658	0	1	0	1	0	1	0	1	0	1	0	1	0	1
scaffold_1	154675	0	1	0	1	0	1	0	1	0	1	0	1	0	1
scaffold_1	154858	0	1	0	1	0	1	0	1	0	1	0	1	0	1
scaffold_1	154891	1	0	1	0	1	0	0	0	0	0	1	0	1	0
scaffold_1	154920	1	1	1	1	1	1	0	1	0	1	1	1	1	1
scaffold_1	154962	0	0	0	0	0	0	1	0	0	0	0	0	0	0
scaffold_1	155057	1	1	1	1	1	1	1	1	0	1	1	1	1	1
scaffold_1	155064	0	1	0	1	0	1	0	1	0	1	0	1	0	1
scaffold_1	155078	1	1	1	1	1	1	1	1	0	1	1	1	1	1
scaffold_1	155083	1	1	1	1	1	1	1	1	0	1	1	1	1	1
scaffold_1	155146	0	0	0	0	0	0	0	0	0	0	0	0	1	0
scaffold_1	155151	0	0	0	0	0	0	0	0	0	0	0	0	1	0
scaffold_1	155161	0	1	0	1	0	1	0	1	0	1	0	1	1	1
scaffold_1	155217	0	0	0	0	0	0	0	0	0	0	0	0	1	0
scaffold_1	155556	1	0	0	0	0	0	0	0	0	0	0	0	0	0
scaffold_1	155661	0	1	0	1	0	1	0	1	0	1	0	1	0	1
scaffold_1	155773	0	0	0	0	0	0	0	0	0	0	0	0	1	0
scaffold_1	155846	1	1	1	1	1	1	1	1	0	1	1	1	1	1
scaffold_1	155851	1	1	1	1	1	1	1	1	0	1	1	1	1	1
scaffold_1	155866	1	1	1	1	1	1	1	1	0	1	1	1	1	1
scaffold_1	155909	1	1	1	1	1	1	1	1	0	1	1	1	1	1
scaffold_1	156044	1	1	1	1	1	1	1	1	0	1	1	1	1	1
scaffold_1	156102	1	1	1	1	1	1	1	1	0	1	1	1	1	1
scaffold_1	156661	0	1	0	1	0	1	0	1	0	1	0	1	0	1
scaffold_1	156714	0	1	0	1	0	1	0	1	0	1	0	1	0	1
scaffold_1	157347	0	1	0	1	0	1	0	1	0	1	0	1	0	1
scaffold_1	157957	0	1	0	1	1	1	1	1	0	1	0	1	1	1
scaffold_1	158308	0	0	0	0	1	0	0	0	0	0	0	0	1	0
scaffold_1	158353	0	1	0	1	0	1	0	1	0	1	0	1	0	1
scaffold_1	158354	0	1	0	1	0	1	0	1	0	1	0	1	0	1
scaffold_1	158416	0	1	0	1	1	1	0	1	0	1	0	1	1	1
scaffold_1	158670	0	1	0	1	0	1	0	1	0	1	0	1	0	1
scaffold_1	158802	0	0	0	0	0	0	0	0	0	0	0	0	1	0
scaffold_1	159231	0	0	0	0	0	0	1	0	0	0	0	0	0	0
scaffold_1	159740	0	1	0	1	0	1	0	1	0	1	0	1	0	1
scaffold_1	159785	0	1	0	1	0	1	0	1	0	1	0	1	0	1
scaffold_1	159921	0	1	0	1	0	1	0	1	0	1	0	1	0	1
scaffold_1	160120	1	0	0	0	0	0	0	0	0	0	0	0	0	0
scaffold_1	160193	1	1	1	1	1	1	1	1	0	1	1	1	1	1
scaffold_1	160285	0	1	0	1	0	1	0	1	0	1	0	1	0	1
scaffold_1	160322	0	1	0	1	0	1	0	1	0	1	0	1	0	1
scaffold_1	160677	0	0	1	0	1	0	1	0	0	0	1	0	0	0
scaffold_1	160763	0	0	1	0	1	0	1	0	0	0	1	0	0	0
scaffold_1	160788	0	1	1	1	1	1	1	1	0	1	1	1	1	1
scaffold_1	160834	0	1	1	1	1	1	1	1	0	1	1	1	1	1
scaffold_1	160894	0	1	1	1	1	1	1	1	0	1	1	1	1	1
scaffold_1	160898	0	0	0	0	0	0	0	0	0	0	0	0	1	0
scaffold_1	161068	0	0	0	0	0	0	0	0	0	0	0	0	1	0
scaffold_1	161559	0	0	0	0	0	0	1	0	0	0	0	0	0	0
scaffold_1	162035	0	0	0	0	0	0	0	0	0	0	0	0	1	0
scaffold_1	162185	0	1	0	1	0	1	0	1	0	1	0	1	0	1
scaffold_1	162210	1	0	1	0	1	0	0	0	0	0	1	0	1	0
scaffold_1	162577	0	1	0	1	0	1	0	1	0	1	0	1	0	1
scaffold_1	162611	1	0	0	0	0	0	0	0	0	0	0	0	0	0
scaffold_1	162719	0	0	1	0	0	0	0	0	0	0	1	0	0	0
scaffold_1	162723	0	1	0	1	0	1	0	1	0	1	0	1	0	1
scaffold_1	162760	1	1	1	1	1	1	1	1	0	1	1	1	1	1
scaffold_1	162911	0	1	0	1	0	1	0	1	0	1	0	1	0	1
scaffold_1	162966	0	1	0	1	0	1	0	1	0	1	0	1	0	1
scaffold_1	164122	0	0	0	0	0	0	0	0	0	0	0	0	1	0
scaffold_1	164213	0	1	0	1	0	1	0	1	0	1	0	1	0	1
scaffold_1	164466	0	0	1	0	0	0	0	0	0	0	1	0	0	0
scaffold_1	164532	0	0	0	0	0	0	0	0	0	0	0	0	1	0
scaffold_1	164629	0	0	0	0	0	0	0	0	0	0	0	0	1	0
scaffold_1	164701	0	1	0	1	0	1	0	1	0	1	0	1	0	1
scaffold_1	165128	0	1	0	1	0	1	0	1	0	1	0	1	1	1
scaffold_1	165359	0	1	0	1	0	1	0	1	0	1	0	1	0	1
scaffold_1	165360	0	0	0	0	0	0	0	0	0	0	0	0	1	0
scaffold_1	165801	0	1	0	1	0	1	0	1	0	1	0	1	0	1
scaffold_1	165856	0	1	0	1	0	1	0	1	0	1	0	1	0	1
scaffold_1	165881	1	1	1	1	0	1	0	1	0	1	1	1	1	1
scaffold_1	165886	1	0	1	0	0	0	0	0	0	0	1	0	0	0
scaffold_1	166199	0	1	0	1	0	1	0	1	0	1	0	1	0	1
scaffold_1	166276	1	0	0	0	0	0	0	0	0	0	0	0	0	0
scaffold_1	166277	0	0	0	0	1	0	0	0	0	0	0	0	0	0
scaffold_1	166314	0	1	0	1	0	1	0	1	0	1	0	1	0	1
scaffold_1	166445	0	1	0	1	0	1	0	1	0	1	0	1	0	1
scaffold_1	166596	0	0	0	0	1	0	1	0	0	0	0	0	1	0
scaffold_1	166667	0	0	0	0	1	0	1	0	0	0	0	0	1	0
scaffold_1	166855	0	0	0	0	1	0	1	0	0	0	0	0	1	0
scaffold_1	167323	0	0	0	0	0	0	1	0	0	0	0	0	0	0
scaffold_1	167555	0	0	0	0	1	0	0	0	0	0	0	0	0	0
scaffold_1	167583	0	0	0	0	0	0	1	0	0	0	0	0	1	0
scaffold_1	167592	0	1	0	1	0	1	0	1	0	1	0	1	0	1
scaffold_1	167751	0	1	0	1	1	1	1	1	0	1	0	1	1	1
scaffold_1	167789	0	0	0	0	0	0	1	0	0	0	0	0	0	0
scaffold_1	167869	1	0	0	0	1	0	0	0	0	0	0	0	0	0
scaffold_1	167901	0	0	0	0	0	0	0	0	0	0	0	0	1	0
scaffold_1	168195	0	1	0	1	0	1	0	1	0	1	0	1	0	1
scaffold_1	168203	0	1	0	1	0	1	0	1	0	1	0	1	0	1
scaffold_1	168247	1	1	0	1	1	1	1	1	0	1	0	1	1	1
scaffold_1	168260	0	1	0	1	0	1	0	1	0	1	0	1	0	1
scaffold_1	168419	1	1	0	1	0	1	0	1	0	1	0	1	0	1
scaffold_1	168440	1	1	0	1	0	1	0	1	0	1	0	1	0	1
scaffold_1	168447	1	1	0	1	1	1	1	1	0	1	0	1	1	1
scaffold_1	168451	1	1	0	1	0	1	0	1	0	1	0	1	0	1
scaffold_1	168452	1	1	0	1	0	1	0	1	0	1	0	1	0	1
scaffold_1	168529	0	1	0	1	0	1	0	1	0	1	0	1	0	1
scaffold_1	168923	1	1	0	1	0	1	0	1	0	1	0	1	0	1
scaffold_1	168938	0	1	0	1	0	1	0	1	0	1	0	1	1	1
scaffold_1	168942	0	0	0	0	1	0	0	0	0	0	0	0	0	0
scaffold_1	169037	1	0	0	0	0	0	0	0	0	0	0	0	0	0
scaffold_1	169117	0	0	0	0	0	0	0	0	0	0	0	0	1	0
scaffold_1	169118	1	1	0	1	0	1	0	1	0	1	0	1	0	1
scaffold_1	169142	0	1	0	1	0	1	0	1	0	1	0	1	0	1
scaffold_1	169394	0	1	0	1	0	1	0	1	0	1	0	1	0	1
scaffold_1	169400	1	1	0	1	0	1	0	1	0	1	0	1	0	1
scaffold_1	169442	0	0	0	0	1	0	0	0	0	0	0	0	0	0
scaffold_1	170378	0	1	0	1	0	1	0	1	0	1	0	1	0	1
scaffold_1	170626	1	0	0	0	0	0	0	0	0	0	0	0	0	0
scaffold_1	170838	0	1	0	1	0	1	0	1	0	1	0	1	0	1
scaffold_1	170915	0	1	0	1	0	1	0	1	0	1	0	1	0	1
scaffold_1	171205	1	0	0	0	0	0	1	0	0	0	0	0	1	0
scaffold_1	171223	1	0	0	0	0	0	1	0	0	0	0	0	1	0
scaffold_1	171540	1	0	0	0	0	0	1	0	0	0	0	0	1	0
scaffold_1	171875	0	1	0	1	1	1	0	1	0	1	0	1	0	1
scaffold_1	172216	0	1	0	1	0	1	1	1	0	1	0	1	1	1
scaffold_1	172218	0	0	0	0	0	0	1	0	0	0	0	0	1	0
scaffold_1	172385	0	1	0	1	0	1	1	1	0	1	0	1	1	1
scaffold_1	172530	1	1	0	1	1	1	1	1	0	1	0	1	1	1
scaffold_1	172748	1	0	0	0	0	0	0	0	0	0	0	0	0	0
scaffold_1	173259	1	1	0	1	1	1	1	1	0	1	0	1	1	1
scaffold_1	173808	0	1	0	1	0	1	0	1	0	1	0	1	0	1
scaffold_1	174086	1	1	0	1	1	1	0	1	0	1	0	1	0	1
scaffold_1	174089	0	0	0	0	1	0	0	0	0	0	0	0	0	0
scaffold_1	174220	0	1	0	1	1	1	0	1	0	1	0	1	0	1
scaffold_1	174338	1	0	0	0	0	0	0	0	0	0	0	0	0	0
scaffold_1	174442	0	0	0	0	1	0	0	0	0	0	0	0	0	0
scaffold_1	174452	0	0	0	0	1	0	0	0	0	0	0	0	0	0
scaffold_1	174761	0	1	0	1	0	1	0	1	0	1	0	1	0	1
scaffold_1	174769	0	1	0	1	0	1	0	1	0	1	0	1	0	1
scaffold_1	174785	0	0	0	0	1	0	0	0	0	0	0	0	0	0
scaffold_1	175800	1	1	0	1	1	1	0	1	0	1	0	1	0	1
scaffold_1	175988	0	1	0	1	1	1	0	1	0	1	0	1	0	1
scaffold_1	176846	1	0	0	0	0	0	0	0	0	0	0	0	0	0
scaffold_1	176898	1	1	0	1	0	1	0	1	0	1	0	1	0	1
scaffold_1	176957	0	1	0	1	0	1	0	1	0	1	0	1	0	1
scaffold_1	176961	0	1	0	1	0	1	0	1	0	1	0	1	0	1
scaffold_1	177137	1	0	0	0	1	0	0	0	0	0	0	0	0	0
scaffold_1	177329	1	0	0	0	0	0	0	0	0	0	0	0	0	0
scaffold_1	177445	0	1	0	1	0	1	0	1	0	1	0	1	0	1
scaffold_1	177514	0	1	0	1	1	1	0	1	0	1	0	1	0	1
scaffold_1	177608	0	1	0	1	1	1	0	1	0	1	0	1	0	1
scaffold_1	177694	0	0	0	0	1	0	0	0	0	0	0	0	0	0
scaffold_1	177782	0	0	0	0	1	0	0	0	0	0	0	0	0	0
scaffold_1	177817	0	0	0	0	1	0	0	0	0	0	0	0	0	0
scaffold_1	177996	0	1	0	1	0	1	0	1	0	1	0	1	0	1
scaffold_1	179249	0	1	0	1	0	1	0	1	0	1	0	1	0	1
scaffold_1	179269	0	0	1	0	0	0	1	0	0	0	1	0	0	0
scaffold_1	179485	0	1	0	1	0	1	0	1	0	1	0	1	0	1
scaffold_1	180239	0	1	0	1	0	1	0	1	0	1	0	1	0	1
scaffold_1	180287	1	1	0	1	1	1	0	1	0	1	0	1	0	1
scaffold_1	180495	0	1	0	1	0	1	0	1	0	1	0	1	0	1
scaffold_1	180747	1	0	0	0	0	0	0	0	0	0	0	0	0	0
scaffold_1	180766	0	1	0	1	0	1	0	1	0	1	0	1	0	1
scaffold_1	180799	1	1	0	1	0	1	0	1	0	1	0	1	0	1
scaffold_1	180848	0	1	0	1	0	1	0	1	0	1	0	1	0	1
scaffold_1	180864	0	1	0	1	0	1	0	1	0	1	0	1	0	1
scaffold_1	180884	0	1	0	1	0	1	0	1	0	1	0	1	0	1
scaffold_1	181043	0	1	0	1	0	1	0	1	0	1	0	1	0	1
scaffold_1	181058	0	1	0	1	0	1	0	1	0	1	0	1	0	1
scaffold_1	182127	0	1	0	1	0	1	0	1	0	1	0	1	0	1
scaffold_1	182271	0	1	0	1	0	1	0	1	0	1	0	1	0	1
scaffold_1	182666	0	1	0	1	1	1	0	1	0	1	0	1	0	1
scaffold_1	182670	0	1	0	1	0	1	0	1	0	1	0	1	0	1
scaffold_1	183527	0	1	0	1	0	1	0	1	0	1	0	1	0	1
scaffold_1	184010	0	1	0	1	0	1	0	1	0	1	0	1	0	1
scaffold_1	184771	0	1	0	1	0	1	0	1	0	1	0	1	0	1
scaffold_1	184772	0	1	0	1	0	1	0	1	0	1	0	1	0	1
scaffold_1	185144	0	1	0	1	0	1	0	1	0	1	0	1	0	1
scaffold_1	185195	0	1	0	1	0	1	0	1	0	1	0	1	0	1
scaffold_1	185868	0	1	0	1	0	1	0	1	0	1	0	1	0	1
scaffold_1	186118	0	1	0	1	0	1	0	1	0	1	0	1	0	1
scaffold_1	186224	1	1	0	1	1	1	0	1	0	1	0	1	0	1
scaffold_1	186228	1	1	0	1	1	1	0	1	0	1	0	1	0	1
scaffold_1	186269	1	0	0	0	1	0	0	0	0	0	0	0	0	0
scaffold_1	186285	1	1	0	1	1	1	0	1	0	1	0	1	0	1
scaffold_1	186385	0	1	0	1	0	1	0	1	0	1	0	1	0	1
scaffold_1	186410	1	0	0	0	1	0	0	0	0	0	0	0	0	0
scaffold_1	187467	0	1	0	1	0	1	0	1	0	1	0	1	0	1
scaffold_1	187587	0	1	0	1	0	1	0	1	0	1	0	1	0	1
scaffold_1	187814	0	1	0	1	0	1	0	1	0	1	0	1	0	1
scaffold_1	188217	0	1	0	1	1	1	0	1	0	1	0	1	0	1
scaffold_1	188333	0	1	0	1	1	1	0	1	0	1	0	1	0	1
scaffold_1	188343	0	1	0	1	0	1	0	1	0	1	0	1	0	1
scaffold_1	188401	0	1	0	1	0	1	0	1	0	1	0	1	0	1
scaffold_1	188646	0	1	0	1	0	1	0	1	0	1	0	1	0	1
scaffold_1	188684	0	1	0	1	0	1	0	1	0	1	0	1	0	1
scaffold_1	188966	0	1	0	1	0	1	0	1	0	1	0	1	0	1
scaffold_1	189032	0	1	0	1	0	1	0	1	0	1	0	1	0	1
scaffold_1	189327	0	0	0	0	1	0	0	0	0	0	0	0	0	0
scaffold_1	189536	0	1	0	1	0	1	0	1	0	1	0	1	0	1
scaffold_1	189776	0	1	0	1	0	1	0	1	0	1	0	1	0	1
scaffold_1	189778	0	0	0	0	1	0	0	0	0	0	0	0	0	0
scaffold_1	189851	0	1	0	1	0	1	0	1	0	1	0	1	0	1
scaffold_1	190404	0	1	0	1	0	1	0	1	0	1	0	1	0	1
scaffold_1	190571	1	1	0	1	1	1	0	1	0	1	0	1	0	1
scaffold_1	190582	1	1	0	1	1	1	0	1	0	1	0	1	0	1
scaffold_1	191300	0	0	0	0	1	0	0	0	0	0	0	0	0	0
scaffold_1	191413	1	1	0	1	1	1	0	1	0	1	0	1	0	1
scaffold_1	192005	0	1	0	1	0	1	0	1	0	1	0	1	0	1
scaffold_1	192083	0	1	0	1	0	1	0	1	0	1	0	1	0	1
scaffold_1	192727	0	1	0	1	0	1	0	1	0	1	0	1	0	1
scaffold_1	193622	0	1	0	1	0	1	0	1	0	1	0	1	0	1
scaffold_1	193893	0	1	0	1	0	1	0	1	0	1	0	1	0	1
scaffold_1	194338	0	1	0	1	0	1	0	1	0	1	0	1	0	1
scaffold_1	194591	0	1	0	1	0	1	0	1	0	1	0	1	0	1
scaffold_1	194717	0	1	0	1	0	1	0	1	0	1	0	1	0	1
scaffold_1	195568	0	1	0	1	0	1	0	1	0	1	0	1	0	1
scaffold_1	195745	0	1	0	1	0	1	0	1	0	1	0	1	0	1
scaffold_1	195825	0	1	0	1	0	1	0	1	0	1	0	1	0	1
scaffold_1	196597	0	1	0	1	0	1	0	1	0	1	0	1	0	1
scaffold_1	196789	0	1	0	1	0	1	0	1	0	1	0	1	0	1
scaffold_1	196790	0	1	0	1	0	1	0	1	0	1	0	1	0	1
scaffold_1	196837	0	1	0	1	0	1	0	1	0	1	0	1	0	1
scaffold_1	197536	1	0	0	0	0	0	0	0	0	0	0	0	1	0
scaffold_1	197952	1	1	1	1	1	1	1	1	0	1	1	1	1	1
scaffold_1	198171	0	1	0	1	0	1	0	1	0	1	0	1	0	1
scaffold_1	198251	0	1	0	1	0	1	0	1	0	1	0	1	0	1
scaffold_1	198312	0	1	0	1	0	1	0	1	0	1	0	1	0	1
scaffold_1	198326	0	1	0	1	0	1	0	1	0	1	0	1	0	1
scaffold_1	198487	0	1	0	1	0	1	0	1	0	1	0	1	0	1
scaffold_1	198623	0	1	0	1	0	1	0	1	0	1	0	1	0	1
scaffold_1	198739	0	1	0	1	0	1	0	1	0	1	0	1	0	1
scaffold_1	198946	0	1	0	1	0	1	0	1	0	1	0	1	0	1
scaffold_1	198955	0	0	1	0	1	0	1	0	0	0	1	0	0	0
scaffold_2	1210	0	0	1	1	0	0	0	0	0	0	0	0	0	0
scaffold_2	1287	0	1	0	0	1	1	1	1	0	0	0	1	0	0
scaffold_2	1680	1	1	1	1	1	1	1	1	1	1	1	1	0	0
scaffold_2	1855	1	0	0	0	0	0	0	0	1	1	0	0	0	0
scaffold_2	2950	0	0	0	0	0	0	0	0	0	0	1	0	0	0
scaffold_2	3416	0	0	1	1	0	0	0	0	0	0	1	0	0	0
scaffold_2	3631	0	1	0	0	1	1	1	1	0	0	0	1	0	0
scaffold_2	3787	0	0	0	0	0	0	0	0	0	0	1	0	0	0
scaffold_2	3987	0	0	0	0	0	0	0	0	0	0	1	0	0	0
scaffold_2	4073	0	0	0	0	0	0	0	0	0	0	1	0	0	0
scaffold_2	4128	0	0	0	0	0	0	0	0	0	0	1	0	0	0
scaffold_2	4426	0	1	1	1	1	1	1	1	0	0	1	1	0	0
scaffold_2	4588	0	0	1	1	0	0	0	0	0	0	0	0	0	0
scaffold_2	4892	0	0	0	0	0	0	0	0	0	0	1	0	0	0
scaffold_2	4990	0	0	1	1	0	0	0	0	0	0	0	0	0	0
scaffold_2	4992	0	0	0	0	0	0	0	0	0	0	1	0	0	0
scaffold_2	5248	1	0	0	0	0	0	0	0	1	1	0	0	1	1
scaffold_2	5825	0	0	0	0	0	0	0	0	0	0	0	0	1	1
scaffold_2	6013	0	1	0	0	1	1	1	1	0	0	1	1	0	0
scaffold_2	6014	0	1	0	0	1	1	1	1	0	0	1	1	0	0
scaffold_2	6015	0	1	0	0	1	1	1	1	0	0	1	1	0	0
scaffold_2	6035	1	1	0	0	1	1	1	1	1	1	1	1	1	1
scaffold_2	6063	0	0	0	0	0	0	0	0	0	0	0	0	1	1
scaffold_2	10800	0	0	1	1	0	0	0	0	0	0	0	0	0	0
scaffold_2	10813	1	1	0	0	1	1	1	1	1	1	1	1	1	1
scaffold_2	11525	1	1	0	0	1	1	1	1	1	1	1	1	1	1
scaffold_2	11695	0	0	0	0	0	0	0	0	0	0	0	0	1	1
scaffold_2	11827	1	1	0	0	1	1	1	1	1	1	1	1	0	0
scaffold_2	11955	1	1	0	0	1	1	1	1	1	1	1	1	0	0
scaffold_2	12428	0	0	1	1	0	0	0	0	0	0	0	0	1	1
scaffold_2	12429	0	0	1	1	0	0	0	0	0	0	0	0	1	1
scaffold_2	12457	0	0	1	1	0	0	0	0	0	0	0	0	1	1
scaffold_2	13232	0	0	0	0	0	0	0	0	0	0	0	0	1	1
scaffold_2	13397	1	1	0	0	1	1	1	1	1	1	1	1	1	1
scaffold_2	13740	0	0	0	0	0	0	0	0	0	0	1	0	0	0
scaffold_2	13797	0	0	0	0	0	0	0	0	0	0	0	0	1	1
scaffold_2	13879	0	1	0	0	1	1	1	1	0	0	0	1	0	0
scaffold_2	14070	1	1	1	1	1	1	1	1	1	1	1	1	0	0
scaffold_2	14105	0	1	0	0	1	1	1	1	0	0	0	1	0	0
scaffold_2	14229	1	0	1	1	0	0	0	0	1	1	1	0	0	0
scaffold_2	14380	0	0	0	0	0	0	0	0	0	0	0	0	1	1
scaffold_2	14537	1	1	0	0	1	1	1	1	1	1	0	1	0	0
scaffold_2	14958	0	1	0	0	1	1	1	1	0	0	0	1	0	0
scaffold_2	15416	1	0	1	1	0	0	0	0	1	1	1	0	0	0
scaffold_2	15484	1	0	1	1	0	0	0	0	1	1	0	0	1	1
scaffold_2	15494	0	0	1	1	0	0	0	0	0	0	0	0	1	1
scaffold_2	15639	0	0	0	0	0	0	0	0	0	0	0	0	1	1
scaffold_2	15651	1	0	0	0	0	0	0	0	1	1	0	0	1	1
scaffold_2	15774	1	0	0	0	0	0	0	0	1	1	1	0	0	0
scaffold_2	16265	1	0	1	1	0	0	0	0	1	1	1	0	1	1
scaffold_2	16336	1	0	1	1	0	0	0	0	1	1	0	0	0	0
scaffold_2	16565	1	0	1	1	0	0	0	0	1	1	0	0	1	1
scaffold_2	16716	0	0	1	1	0	0	0	0	0	0	0	0	0	0
scaffold_2	16787	1	0	0	0	0	0	0	0	1	1	0	0	0	0
scaffold_2	17119	1	0	1	1	0	0	0	0	1	1	1	0	1	1
scaffold_2	17167	0	0	0	0	0	0	0	0	0	0	0	0	1	1
scaffold_2	17182	0	0	1	1	0	0	0	0	0	0	0	0	1	1
scaffold_2	17187	1	0	1	1	0	0	0	0	1	1	1	0	1	1
scaffold_2	17495	1	0	1	1	0	0	0	0	1	1	1	0	1	1
scaffold_2	17505	1	0	1	1	0	0	0	0	1	1	1	0	1	1
scaffold_2	17743	1	0	1	1	0	0	0	0	1	1	1	0	1	1
scaffold_2	18084	1	0	1	1	0	0	0	0	1	1	1	0	1	1
scaffold_2	18332	0	0	0	0	0	0	0	0	0	0	1	0	0	0
scaffold_2	18849	0	0	0	0	0	0	0	0	0	0	0	0	1	1
scaffold_2	18901	0	0	1	1	0	0	0	0	0	0	1	0	0	0
scaffold_2	18925	1	1	0	0	1	1	1	1	1	1	0	1	1	1
scaffold_2	19366	0	0	0	0	0	0	0	0	0	0	0	0	1	1
scaffold_2	19433	0	1	0	0	1	1	1	1	0	0	0	1	0	0
scaffold_2	19478	0	0	1	1	0	0	0	0	0	0	1	0	1	1
scaffold_2	19825	0	1	0	0	1	1	1	1	0	0	0	1	0	0
scaffold_2	20055	0	0	1	1	0	0	0	0	0	0	1	0	0	0
scaffold_2	20802	0	1	1	1	1	1	1	1	0	0	1	1	1	1
scaffold_2	21447	1	0	1	1	0	0	0	0	1	1	1	0	0	0
scaffold_2	22005	0	0	1	1	0	0	0	0	0	0	1	0	0	0
scaffold_2	22025	0	0	1	1	0	0	0	0	0	0	1	0	1	1
scaffold_2	22246	0	0	1	1	0	0	0	0	0	0	1	0	0	0
scaffold_2	22357	1	1	0	0	1	1	1	1	1	1	1	1	1	1
scaffold_2	22410	1	1	0	0	1	1	1	1	1	1	1	1	1	1
scaffold_2	22516	1	1	0	0	1	1	1	1	1	1	1	1	1	1
scaffold_2	22538	1	1	0	0	1	1	1	1	1	1	1	1	1	1
scaffold_2	22739	1	1	1	1	1	1	1	1	1	1	1	1	0	0
scaffold_2	23600	0	0	1	1	0	0	0	0	0	0	0	0	1	1
scaffold_2	24189	0	0	0	0	0	0	0	0	0	0	0	0	1	1
scaffold_2	24201	0	0	0	0	1	1	1	1	0	0	0	1	0	0
scaffold_2	24320	1	0	0	0	0	0	0	0	1	1	1	0	0	0
scaffold_2	24376	1	1	0	0	1	1	1	1	1	1	1	1	1	1
scaffold_2	24399	1	1	0	0	1	1	1	1	1	1	1	1	1	1
scaffold_2	24579	0	1	0	0	1	1	1	1	0	0	0	1	0	0
scaffold_2	24607	0	0	0	0	0	0	0	0	0	0	1	0	0	0
scaffold_2	24610	0	0	0	0	0	0	0	0	0	0	1	0	0	0
scaffold_2	24638	0	1	0	0	1	1	1	1	0	0	0	1	0	0
scaffold_2	24654	1	0	0	0	0	0	0	0	1	1	0	0	0	0
scaffold_2	24657	0	1	0	0	1	1	1	1	0	0	0	1	0	0
scaffold_2	24758	1	0	0	0	0	0	0	0	1	1	0	0	0	0
scaffold_2	25074	0	0	1	1	0	0	0	0	0	0	0	0	0	0
scaffold_2	25743	0	0	0	0	0	0	0	0	0	0	0	0	1	1
scaffold_2	25969	1	0	1	1	0	0	0	0	1	1	1	0	0	0
scaffold_2	25972	1	0	1	1	0	0	0	0	1	1	1	0	0	0
scaffold_2	26107	1	0	1	1	0	0	0	0	1	1	1	0	0	0
scaffold_2	26191	0	0	0	0	0	0	0	0	0	0	0	0	1	1
scaffold_2	26446	0	0	0	0	0	0	0	0	0	0	0	0	1	1
scaffold_2	26824	1	1	1	1	1	1	1	1	1	1	1	1	0	0
scaffold_2	27359	0	1	1	1	1	1	1	1	0	0	0	1	0	0
scaffold_2	27405	0	0	0	0	0	0	0	0	0	0	0	0	1	1
scaffold_2	27595	1	1	1	1	1	1	1	1	1	1	1	1	0	0
scaffold_2	27645	0	0	0	0	0	0	0	0	0	0	0	0	1	1
scaffold_2	27865	0	0	0	0	0	0	0	0	0	0	0	0	1	1
scaffold_2	28355	1	1	1	1	1	1	1	1	1	1	0	1	0	0
scaffold_2	28429	1	1	1	1	1	1	1	1	1	1	0	1	0	0
scaffold_2	28547	0	1	1	1	1	1	1	1	0	0	0	1	0	0
scaffold_2	29088	0	0	0	0	0	0	0	0	0	0	0	0	1	1
scaffold_2	29725	1	0	0	0	0	0	0	0	1	1	1	0	0	0
scaffold_2	30044	0	1	1	1	1	1	1	1	0	0	0	1	0	0
scaffold_2	30106	0	1	1	1	1	1	1	1	0	0	0	1	0	0
scaffold_2	30156	0	1	1	1	1	1	1	1	0	0	0	1	0	0
scaffold_2	30681	1	0	0	0	0	0	0	0	1	1	0	0	0	0
scaffold_2	31197	1	0	1	1	0	0	0	0	1	1	1	0	0	0
scaffold_2	31208	1	1	1	1	1	1	1	1	1	1	1	1	0	0
scaffold_2	31226	1	0	1	1	0	0	0	0	1	1	1	0	0	0
scaffold_2	31234	0	1	0	0	1	1	1	1	0	0	0	1	0	0
scaffold_2	31256	0	1	0	0	1	1	1	1	0	0	0	1	0	0
scaffold_2	31572	0	1	0	0	1	1	1	1	0	0	0	1	1	1
scaffold_2	31578	0	1	0	0	1	1	1	1	0	0	0	1	1	1
scaffold_2	31694	1	0	1	1	0	0	0	0	1	1	0	0	0	0
scaffold_2	31868	0	0	1	1	0	0	0	0	0	0	0	0	0	0
scaffold_2	31955	0	0	0	0	0	0	0	0	0	0	1	0	0	0
scaffold_2	31983	1	0	1	1	0	0	0	0	1	1	0	0	0	0
scaffold_2	32763	1	0	1	1	0	0	0	0	1	1	1	0	0	0
scaffold_2	34763	0	0	1	1	0	0	0	0	0	0	0	0	0	0
scaffold_2	34786	1	0	0	0	0	0	0	0	0	1	0	0	0	0
scaffold_2	34846	1	0	0	0	0	0	0	0	1	1	0	0	0	0
scaffold_2	34892	1	0	0	0	0	0	0	0	1	1	0	0	0	0
scaffold_2	34902	0	0	0	0	0	0	0	0	0	0	1	0	0	0
scaffold_2	34928	1	0	1	1	0	0	0	0	1	1	1	0	0	0
scaffold_2	34965	1	0	1	1	0	0	0	0	1	1	1	0	0	0
scaffold_2	35131	1	1	1	1	1	1	1	1	1	1	0	1	1	1
scaffold_2	35149	1	1	1	1	1	1	1	1	1	1	0	1	1	1
scaffold_2	35155	0	1	0	0	1	1	1	1	0	0	0	1	1	1
scaffold_2	35179	0	0	0	0	0	0	0	0	0	0	1	0	0	0
scaffold_2	35418	0	1	0	0	1	1	1	1	0	0	0	1	1	1
scaffold_2	35616	0	0	0	0	0	0	0	0	0	0	1	0	0	0
scaffold_2	36082	0	0	1	1	0	0	0	0	0	0	0	0	0	0
scaffold_2	36136	0	1	0	0	1	1	1	1	0	0	0	1	1	1
scaffold_2	37053	1	0	0	0	0	0	0	0	1	1	0	0	0	0
scaffold_2	37218	0	0	0	0	0	0	0	0	0	0	1	0	0	0
scaffold_2	37320	0	0	0	0	0	0	0	0	0	0	1	0	0	0
scaffold_2	37376	0	0	0	0	0	0	0	0	0	0	1	0	0	0
scaffold_2	37501	1	0	0	0	0	0	0	0	1	1	0	0	1	1
scaffold_2	37599	1	1	1	1	1	1	1	1	1	1	0	1	1	1
scaffold_2	38867	0	0	1	1	0	0	0	0	0	0	1	0	0	0
scaffold_2	38949	0	0	1	1	0	0	0	0	0	0	1	0	0	0
scaffold_2	38991	0	0	1	1	0	0	0	0	0	0	1	0	0	0
scaffold_2	39064	1	0	0	0	0	0	0	0	1	1	0	0	1	1
scaffold_2	39275	0	0	0	0	0	0	0	0	0	0	1	0	0	0
scaffold_2	39318	1	0	0	0	0	0	0	0	1	1	0	0	1	1
scaffold_2	39443	1	0	1	1	0	0	0	0	1	1	0	0	1	1
scaffold_2	39584	1	0	0	0	0	0	0	0	1	1	0	0	1	1
scaffold_2	39652	1	0	0	0	0	0	0	0	1	1	0	0	1	1
scaffold_2	39724	0	1	0	0	1	1	1	1	0	0	0	1	0	0
scaffold_2	39909	1	0	0	0	0	0	0	0	1	1	1	0	1	1
scaffold_2	39932	1	0	0	0	0	0	0	0	1	1	0	0	0	0
scaffold_2	40098	1	0	0	0	0	0	0	0	1	1	0	0	1	1
scaffold_2	40115	1	0	0	0	0	0	0	0	1	1	0	0	1	1
scaffold_2	40146	1	0	0	0	0	0	0	0	1	1	0	0	1	1
scaffold_2	40273	0	1	0	0	1	1	1	1	0	0	0	1	0	0
scaffold_2	40299	0	1	0	0	1	1	1	1	0	0	0	1	0	0
scaffold_2	40483	0	1	0	0	1	1	1	1	0	0	0	1	0	0
scaffold_2	40642	0	1	0	0	1	1	1	1	0	0	0	1	0	0
scaffold_2	40652	0	1	0	0	1	1	1	1	0	0	0	1	0	0
scaffold_2	40661	0	1	0	0	1	1	1	1	0	0	0	1	0	0
scaffold_2	40905	0	0	1	1	0	0	0	0	0	0	0	0	0	0
scaffold_2	41222	0	1	0	0	1	1	1	1	0	0	0	1	0	0
scaffold_2	41518	1	1	0	0	1	1	1	1	1	1	1	1	1	1
scaffold_2	41538	0	0	1	1	0	0	0	0	0	0	0	0	0	0
scaffold_2	41547	1	1	0	0	1	1	1	1	1	1	1	1	1	1
scaffold_2	41787	0	1	0	0	1	1	1	1	0	0	0	1	0	0
scaffold_2	41866	1	0	0	0	0	0	0	0	1	1	0	0	1	1
scaffold_2	41937	1	1	0	0	1	1	1	1	1	1	1	1	1	1
scaffold_2	42198	1	0	1	1	0	0	0	0	1	1	0	0	1	1
scaffold_2	42312	1	0	1	1	0	0	0	0	1	1	1	0	1	1
scaffold_2	42318	1	0	1	1	0	0	0	0	1	1	1	0	1	1
scaffold_2	44863	1	0	0	0	0	0	0	0	1	1	0	0	0	0
scaffold_2	45560	0	1	0	0	1	1	1	1	0	0	1	1	0	0
scaffold_2	45607	1	0	0	0	0	0	0	0	1	1	0	0	0	0
scaffold_2	45631	0	0	1	1	0	0	0	0	0	0	0	0	0	0
scaffold_2	45798	1	0	0	0	0	0	0	0	1	1	0	0	0	0
scaffold_2	45872	1	0	0	0	0	0	0	0	1	1	0	0	0	0
scaffold_2	45910	1	1	0	0	1	1	1	1	1	1	1	1	0	0
scaffold_2	46051	1	1	0	0	1	1	1	1	1	1	1	1	0	0
scaffold_2	46093	1	1	0	0	1	1	1	1	1	1	1	1	1	1
scaffold_2	46105	0	1	0	0	1	1	1	1	0	0	1	1	0	0
scaffold_2	46381	0	1	1	1	1	1	1	1	0	0	1	1	1	1
scaffold_2	46429	1	0	0	0	0	0	0	0	1	1	0	0	0	0
scaffold_2	46458	0	1	1	1	1	1	1	1	0	0	1	1	1	1
scaffold_2	46481	0	1	1	1	1	1	1	1	0	0	1	1	0	0
scaffold_2	47147	1	1	0	0	1	1	1	1	1	1	1	1	1	1
scaffold_2	47156	0	0	0	0	0	0	0	0	0	0	0	0	1	1
scaffold_2	47203	0	0	0	0	0	0	0	0	0	0	0	0	1	1
scaffold_2	47342	1	0	0	0	0	0	0	0	1	1	0	0	0	0
scaffold_2	47368	1	0	1	1	0	0	0	0	1	1	0	0	1	1
scaffold_2	47643	0	0	1	1	0	0	0	0	0	0	0	0	1	1
scaffold_2	48674	1	0	1	1	0	0	0	0	1	1	0	0	1	1
scaffold_2	48677	1	0	0	1	0	0	0	0	1	1	0	0	1	1
scaffold_2	49002	0	0	1	1	0	0	0	0	0	0	0	0	0	0
scaffold_2	49069	0	1	0	0	1	1	1	1	0	0	1	1	0	0
scaffold_2	49233	0	0	1	1	0	0	0	0	0	0	0	0	0	0
scaffold_2	49241	0	0	1	1	0	0	0	0	0	0	0	0	0	0
scaffold_2	49283	1	0	0	0	0	0	0	0	1	1	0	0	0	0
scaffold_2	49285	0	1	0	0	1	1	1	1	0	0	1	1	0	0
scaffold_2	49355	0	0	1	1	0	0	0	0	0	0	0	0	0	0
scaffold_2	49461	1	0	0	0	0	0	0	0	1	1	0	0	1	1
scaffold_2	49557	1	1	0	0	1	1	1	1	1	1	1	1	0	0
scaffold_2	49639	0	1	0	0	1	1	1	1	0	0	1	1	0	0
scaffold_2	49696	1	1	0	0	1	1	1	1	1	1	1	1	0	0
scaffold_2	49722	1	1	0	0	1	1	1	1	1	1	1	1	0	0
scaffold_2	49829	0	1	0	0	1	1	1	1	0	0	1	1	0	0
scaffold_2	49834	1	1	0	0	1	1	1	1	1	1	1	1	1	1
scaffold_2	49866	1	1	0	0	1	1	1	1	1	1	1	1	1	1
scaffold_2	49906	1	1	0	0	1	1	1	1	1	1	1	1	1	1
scaffold_2	49993	1	0	0	0	0	0	0	0	1	1	0	0	0	0
scaffold_2	50146	0	0	0	0	0	0	0	0	0	0	0	0	1	1
scaffold_2	50155	1	0	0	0	0	0	0	0	1	1	0	0	0	0
scaffold_2	50335	1	0	0	0	0	0	0	0	1	1	0	0	0	0
scaffold_2	50689	1	1	1	1	1	1	1	1	1	1	1	1	0	0
scaffold_2	50691	0	0	0	0	0	0	0	0	0	0	0	0	1	1
scaffold_2	50706	1	1	1	1	1	1	1	1	1	1	1	1	0	0
scaffold_2	51129	0	0	0	0	0	0	0	0	0	0	0	0	1	1
scaffold_2	51281	0	1	1	1	1	1	1	1	0	0	1	1	1	1
scaffold_2	51286	0	0	0	0	0	0	0	0	0	0	0	0	1	1
scaffold_2	51348	1	0	0	0	0	0	0	0	1	1	0	0	0	0
scaffold_2	51601	0	1	0	0	1	1	1	1	0	0	1	1	0	0
scaffold_2	51756	0	0	1	1	0	0	0	0	0	0	0	0	0	0
scaffold_2	52137	0	0	1	1	0	0	0	0	0	0	0	0	0	0
scaffold_2	52634	0	0	0	0	0	0	0	0	0	0	0	0	1	1
scaffold_2	52688	0	0	0	0	0	0	0	0	0	0	0	0	1	1
scaffold_2	52791	1	0	0	0	0	0	0	0	1	1	0	0	1	1
scaffold_2	52807	1	0	0	0	0	0	0	0	1	1	0	0	1	1
scaffold_2	53666	1	1	1	1	1	1	1	1	1	1	1	1	0	0
scaffold_2	54367	0	0	0	0	0	0	0	0	0	0	0	0	1	1
scaffold_2	55054	0	0	1	1	0	0	0	0	0	0	0	0	0	0
scaffold_2	55527	0	0	0	0	0	0	0	0	0	0	0	0	1	1
scaffold_2	55568	0	1	0	0	1	1	1	1	0	0	1	1	0	0
scaffold_2	55992	0	1	1	1	1	1	1	1	0	0	1	1	0	0
scaffold_2	56011	1	0	0	0	0	0	0	0	1	1	0	0	0	0
scaffold_2	56092	1	1	1	1	1	1	1	1	1	1	1	1	0	0
scaffold_2	56376	1	1	0	0	1	1	1	1	1	1	1	1	0	0
scaffold_2	56380	1	1	0	0	1	1	1	1	1	1	1	1	0	0
scaffold_2	56416	1	1	0	0	1	1	1	1	1	1	1	1	0	0
scaffold_2	56420	1	1	0	0	1	1	1	1	1	1	1	1	0	0
scaffold_2	56645	1	0	0	0	0	0	0	0	1	1	0	0	0	0
scaffold_2	56704	0	1	0	0	1	1	1	1	0	0	1	1	0	0
scaffold_2	56837	1	0	0	0	0	0	0	0	1	1	0	0	0	0
scaffold_2	56951	0	1	0	0	1	1	1	1	0	0	1	1	0	0
scaffold_2	56993	0	0	1	1	0	0	0	0	0	0	0	0	0	0
scaffold_2	57137	1	1	1	1	1	1	1	1	1	1	1	1	0	0
scaffold_2	57338	0	1	0	0	1	1	1	1	0	0	1	1	0	0
scaffold_2	57364	1	1	0	0	1	1	1	1	1	1	1	1	1	1
scaffold_2	57392	0	1	0	0	1	1	1	1	0	0	1	1	0	0
scaffold_2	57415	1	0	0	0	0	0	0	0	1	1	0	0	0	0
scaffold_2	57489	1	0	0	0	0	0	0	0	1	1	0	0	1	1
scaffold_2	57920	0	1	0	0	1	1	1	1	0	0	1	1	0	0
scaffold_2	58035	1	0	0	0	0	0	0	0	1	1	0	0	0	0
scaffold_2	58314	0	0	1	1	0	0	0	0	0	0	0	0	0	0
scaffold_2	58525	1	0	0	0	0	0	0	0	1	1	0	0	0	0
scaffold_2	58553	1	0	0	0	0	0	0	0	1	1	0	0	0	0
scaffold_2	58761	0	1	1	1	1	1	1	1	0	0	1	1	1	1
scaffold_2	58814	0	0	1	1	0	0	0	0	0	0	0	0	0	0
scaffold_2	59210	0	1	1	1	1	1	1	1	0	0	1	1	0	0
scaffold_2	59477	0	0	1	1	0	0	0	0	0	0	0	0	0	0
scaffold_2	60569	1	1	1	1	1	1	1	1	1	1	0	1	1	1
scaffold_2	60593	1	1	0	0	1	1	1	1	1	1	0	1	0	0
scaffold_2	60674	1	1	1	1	1	1	1	1	1	1	0	1	1	1
scaffold_2	60715	0	0	1	1	0	0	0	0	0	0	0	0	0	0
scaffold_2	60792	0	0	1	1	0	0	0	0	0	0	0	0	0	0
scaffold_2	60919	1	1	1	1	1	1	1	1	1	1	0	1	1	1
scaffold_2	61748	0	1	0	0	1	1	1	1	0	0	0	1	0	0
scaffold_2	62100	1	0	0	0	0	0	0	0	1	1	0	0	0	0
scaffold_2	62342	1	1	1	1	1	1	1	1	1	1	0	1	0	0
scaffold_2	62592	1	1	1	1	1	1	1	1	1	1	0	1	1	1
scaffold_2	62666	1	0	0	0	0	0	0	0	1	1	0	0	0	0
scaffold_2	62702	0	0	0	0	0	0	0	0	0	0	0	0	1	1
scaffold_2	62775	0	0	0	0	0	0	0	0	0	0	0	0	1	1
scaffold_2	63857	1	1	1	1	1	1	1	1	1	1	0	1	0	0
scaffold_2	63880	1	1	1	1	1	1	1	1	1	1	0	1	0	0
scaffold_2	63895	1	1	1	1	1	1	1	1	1	1	0	1	0	0
scaffold_2	63901	0	1	1	1	1	1	1	1	0	0	0	1	0	0
scaffold_2	64088	0	1	1	1	1	1	1	1	0	0	0	1	0	0
scaffold_2	64281	1	1	1	1	1	1	1	1	1	1	0	1	0	0
scaffold_2	64962	0	1	1	1	1	1	1	1	0	0	0	1	0	0
scaffold_2	65053	1	0	0	0	0	0	0	0	1	1	0	0	0	0
scaffold_2	65142	1	1	1	1	1	1	1	1	1	1	0	1	1	1
scaffold_2	65837	1	1	1	1	1	1	1	1	1	1	0	1	0	0
scaffold_2	65849	1	1	1	1	1	1	1	1	1	1	0	1	0	0
scaffold_2	66658	0	1	1	1	1	1	1	1	0	0	0	1	1	1
scaffold_2	67577	0	1	1	1	1	1	1	1	0	0	0	1	0	0
scaffold_2	67616	1	0	0	0	0	0	0	0	1	1	0	0	1	1
scaffold_2	67843	0	1	1	1	1	1	1	1	0	0	0	1	0	0
scaffold_2	67848	1	1	1	1	1	1	1	1	1	1	0	1	1	1
scaffold_2	67996	1	1	1	1	1	1	1	1	1	1	0	1	1	1
scaffold_2	68030	1	1	1	1	1	1	1	1	1	1	0	1	1	1
scaffold_2	68204	1	1	1	1	1	1	1	1	1	1	0	1	1	1
scaffold_2	68562	0	0	0	0	0	0	0	0	0	0	0	0	1	1
scaffold_2	69160	0	1	1	1	1	1	1	1	0	0	0	1	1	1
scaffold_2	69182	1	0	0	0	0	0	0	0	1	1	0	0	0	0
scaffold_2	69236	0	1	1	1	1	1	1	1	0	0	0	1	0	0
scaffold_2	69526	1	1	1	1	1	1	1	1	1	1	0	1	1	1
scaffold_2	69534	0	1	1	1	1	1	1	1	0	0	0	1	1	1
scaffold_2	69685	0	0	0	0	0	0	0	0	0	0	0	0	1	1
scaffold_2	69760	0	0	0	0	0	0	0	0	0	0	0	0	1	1
scaffold_2	69858	1	0	0	0	0	0	0	0	1	1	0	0	0	0
scaffold_2	71351	1	0	0	0	0	0	0	0	1	1	0	0	1	1
scaffold_2	71452	0	0	0	0	0	0	0	0	0	0	0	0	1	1
scaffold_2	71484	0	0	0	0	0	0	0	0	0	0	0	0	1	1
scaffold_2	71485	0	1	1	1	1	1	1	1	0	0	0	1	0	0
scaffold_2	71494	0	0	0	0	0	0	0	0	0	0	0	0	1	1
scaffold_2	71500	0	0	0	0	0	0	0	0	0	0	0	0	1	1
scaffold_2	71762	1	0	0	0	0	0	0	0	1	1	0	0	0	0
scaffold_2	72270	1	0	0	0	0	0	0	0	1	1	0	0	1	1
scaffold_2	72357	0	0	0	0	0	0	0	0	0	0	0	0	1	1
scaffold_2	72689	1	1	1	1	1	1	1	1	1	1	0	1	1	1
scaffold_2	72914	0	1	1	1	1	1	1	1	0	0	0	1	1	1
scaffold_2	73569	1	0	0	0	0	0	0	0	1	1	0	0	0	0
scaffold_2	73643	0	1	1	1	1	1	1	1	0	0	0	1	0	0
scaffold_2	73854	0	1	1	1	1	1	1	1	0	0	0	1	0	0
scaffold_2	73958	1	1	1	1	1	1	1	1	1	1	0	1	1	1
scaffold_2	74013	1	1	1	1	1	1	1	1	1	1	0	1	0	0
scaffold_2	74237	1	1	1	1	1	1	1	1	1	1	0	1	1	1
scaffold_2	74328	0	0	0	0	0	0	0	0	0	0	0	0	1	1
scaffold_2	74635	1	0	1	1	0	0	0	0	1	1	0	0	0	0
scaffold_2	75186	0	0	0	0	0	0	0	0	0	0	1	0	1	1
scaffold_2	75638	0	0	0	0	0	0	0	0	0	0	0	0	1	1
scaffold_2	76226	0	1	0	0	1	1	1	1	0	0	0	1	1	1
scaffold_2	76287	0	1	0	0	1	1	1	1	0	0	0	1	0	0
scaffold_2	76363	0	0	0	0	0	0	0	0	0	0	1	0	0	0
scaffold_2	76594	0	0	0	0	0	0	0	0	0	0	1	0	0	0
scaffold_2	76626	0	0	0	0	0	0	0	0	0	0	1	0	0	0
scaffold_2	76808	0	1	0	0	1	1	1	1	0	0	0	1	0	0
scaffold_2	76961	0	1	0	0	1	1	1	1	0	0	1	1	0	0
scaffold_2	77184	0	0	0	0	0	0	0	0	0	0	1	0	0	0
scaffold_2	77667	0	1	0	0	1	1	1	1	0	0	0	1	0	0
scaffold_2	77694	1	0	0	0	0	0	0	0	1	1	0	0	0	0
scaffold_2	77773	0	0	1	1	0	0	0	0	0	0	0	0	0	0
scaffold_2	77925	1	0	0	0	0	0	0	0	1	1	0	0	0	0
scaffold_2	77928	0	1	0	0	1	1	1	1	0	0	0	1	0	0
scaffold_2	78144	1	0	0	0	0	0	0	0	1	1	0	0	0	0
scaffold_2	78182	0	1	0	0	1	1	1	1	0	0	0	1	0	0
scaffold_2	78835	0	1	1	1	1	1	1	1	0	0	0	1	0	0
scaffold_2	80961	0	0	1	1	0	0	0	0	0	0	0	0	0	0
scaffold_2	82065	0	1	0	0	1	1	1	1	0	0	0	1	0	0
scaffold_2	82170	0	0	0	0	0	0	0	0	0	0	0	0	1	1
scaffold_2	82176	0	1	0	0	1	1	1	1	0	0	0	1	0	0
scaffold_2	82177	0	1	0	0	1	1	1	1	0	0	0	1	0	0
scaffold_2	82216	0	0	0	0	0	0	0	0	0	0	0	0	1	1
scaffold_2	82750	0	1	0	0	1	1	1	1	0	0	1	1	0	0
scaffold_2	82862	0	1	0	0	1	1	1	1	0	0	1	1	0	0
scaffold_2	82869	0	1	0	0	1	1	1	1	0	0	1	1	0	0
scaffold_2	83112	0	0	0	0	0	0	0	0	0	0	0	0	1	1
scaffold_2	83134	0	0	0	0	0	0	0	0	0	0	0	0	1	1
scaffold_2	83211	0	1	0	0	1	1	1	1	0	0	1	1	1	1
scaffold_2	83517	0	1	0	0	1	1	1	1	0	0	0	1	0	0
scaffold_2	84070	0	1	0	0	1	1	1	1	0	0	1	1	1	1
scaffold_2	84572	0	0	0	0	0	0	0	0	0	0	0	0	1	1
scaffold_2	84605	0	1	0	0	1	1	1	1	0	0	0	1	0	0
scaffold_2	84998	0	1	0	0	1	1	1	1	0	0	1	1	1	1
scaffold_2	85263	0	1	1	1	1	1	1	1	0	0	1	1	1	1
scaffold_2	85404	0	0	1	1	0	0	0	0	0	0	0	0	1	1
scaffold_2	85423	0	1	0	0	1	1	1	1	0	0	1	1	0	0
scaffold_2	86104	0	0	0	0	0	0	0	0	0	0	1	0	0	0
scaffold_2	86143	0	1	1	1	1	1	1	1	0	0	1	1	1	1
scaffold_2	86764	0	1	0	0	1	1	1	1	0	0	0	1	0	0
scaffold_2	86879	0	1	0	0	1	1	1	1	0	0	0	1	1	1
scaffold_2	87019	0	0	0	0	0	0	0	0	0	0	0	0	1	1
scaffold_2	87373	0	0	1	1	0	0	0	0	0	0	0	0	0	0
scaffold_2	87381	1	0	0	0	0	0	0	0	1	1	0	0	0	0
scaffold_2	87723	0	1	0	0	1	1	1	1	0	0	1	1	1	1
scaffold_2	87728	0	1	0	0	1	1	1	1	0	0	1	1	1	1
scaffold_2	87833	0	1	0	0	1	1	1	1	0	0	1	1	1	1
scaffold_2	87867	0	0	0	0	0	0	0	0	0	0	0	0	1	1
scaffold_2	87893	0	0	0	0	0	0	0	0	0	0	0	0	1	1
scaffold_2	87982	0	1	0	0	1	0	1	1	0	0	1	1	0	0
scaffold_2	88128	0	1	0	0	1	1	1	1	0	0	1	1	1	1
scaffold_2	88540	0	1	0	0	1	1	1	1	0	0	0	1	0	0
scaffold_2	89346	0	0	0	0	0	0	0	0	0	0	0	0	1	1
scaffold_2	89451	0	0	0	0	0	0	0	0	0	0	1	0	0	0
scaffold_2	89510	0	1	1	1	1	1	1	1	0	0	0	1	1	1
scaffold_2	89714	0	1	1	1	1	1	1	1	0	0	0	1	1	1
scaffold_2	89724	0	1	1	1	1	1	1	1	0	0	0	1	1	1
scaffold_2	89737	0	1	1	1	1	1	1	1	0	0	0	1	1	1
scaffold_2	89740	0	1	1	1	1	1	1	1	0	0	0	1	1	1
scaffold_2	89760	0	1	1	1	1	1	1	1	0	0	0	1	1	1
scaffold_2	89912	0	1	1	1	1	1	1	1	0	0	0	1	1	1
scaffold_2	90009	0	1	1	1	1	1	1	1	0	0	0	1	1	1
scaffold_2	90059	0	1	1	1	1	1	1	1	0	0	1	1	1	1
scaffold_2	90075	0	1	1	1	1	1	1	1	0	0	0	1	1	1
scaffold_2	91126	0	0	0	0	0	0	0	0	0	0	1	0	0	0
scaffold_2	91176	0	0	1	1	0	0	0	0	0	0	0	0	0	0
scaffold_2	91180	0	0	1	1	0	0	0	0	0	0	1	0	0	0
scaffold_2	91705	0	0	1	1	0	0	0	0	0	0	1	0	0	0
scaffold_2	91750	0	0	1	1	0	0	0	0	0	0	0	0	0	0
scaffold_2	92481	0	1	0	0	1	1	1	1	0	0	0	1	0	0
scaffold_2	93350	1	1	0	0	1	1	1	1	1	1	1	1	1	1
scaffold_2	93497	0	0	0	0	0	0	0	0	0	0	1	0	0	0
scaffold_2	93556	0	1	0	0	1	1	1	1	0	0	0	1	0	0
scaffold_2	94136	1	1	0	0	1	1	1	1	1	1	1	1	1	1
scaffold_2	94231	0	0	0	0	0	0	0	0	0	0	1	0	0	0
scaffold_2	94308	0	1	0	0	1	1	1	1	0	0	1	1	1	1
scaffold_2	94377	1	1	0	0	1	1	1	1	1	1	1	1	1	1
scaffold_2	94489	1	0	0	0	0	0	0	0	1	1	0	0	0	0
scaffold_2	94507	1	1	0	0	1	1	1	1	1	1	1	1	1	1
scaffold_2	94554	0	0	1	1	0	0	0	0	0	0	0	0	0	0
scaffold_2	95115	1	1	0	0	1	1	1	1	1	1	0	1	0	0
scaffold_2	95159	1	1	0	0	1	1	1	1	1	1	0	1	0	0
scaffold_2	95161	1	1	0	0	1	1	1	1	1	1	0	1	0	0
scaffold_2	95170	1	1	1	1	1	1	1	1	1	1	1	1	0	0
scaffold_2	96020	1	1	0	0	1	1	1	1	1	1	0	1	1	1
scaffold_2	97355	1	0	0	0	0	0	0	0	1	1	1	0	0	0
scaffold_2	98383	0	1	0	0	1	1	1	1	0	0	0	1	0	0
scaffold_2	98669	1	0	0	0	0	0	0	0	1	1	1	0	0	0
scaffold_2	99240	0	1	0	0	1	1	1	1	0	0	0	1	0	0
scaffold_2	99553	0	0	0	0	0	0	0	0	0	0	0	0	1	1
scaffold_2	99566	1	0	1	1	0	0	0	0	1	1	1	0	1	1
scaffold_2	100377	1	0	0	0	0	0	0	0	1	1	0	0	0	0
scaffold_2	100386	1	0	0	0	0	0	0	0	1	1	0	0	0	0
scaffold_2	101084	1	0	0	0	0	0	0	0	1	1	0	0	0	0
scaffold_2	101156	0	0	1	1	0	0	0	0	0	0	1	0	0	0
scaffold_2	101245	1	1	1	1	1	1	1	1	1	1	1	1	0	0
scaffold_2	101622	1	1	1	1	1	1	1	1	1	1	1	1	0	0
scaffold_2	101875	0	1	0	0	1	1	1	1	0	0	0	1	0	0
scaffold_2	101924	0	1	0	0	1	1	1	1	0	0	0	1	1	1
scaffold_2	101926	0	1	0	0	1	1	1	1	0	0	0	1	1	1
scaffold_2	103058	0	0	1	1	0	0	0	0	0	0	1	0	0	0
scaffold_2	103253	0	1	0	0	1	1	1	1	0	0	0	1	0	0
scaffold_2	103743	0	1	0	0	1	1	1	1	0	0	0	1	0	0
scaffold_2	104171	1	0	1	1	0	0	0	0	1	1	1	0	0	0
scaffold_2	104388	0	0	0	0	0	0	0	0	0	0	0	0	1	1
scaffold_2	104433	1	0	1	1	0	0	0	0	1	1	1	0	0	0
scaffold_2	104531	0	0	1	1	0	0	0	0	0	0	1	0	0	0
scaffold_2	104908	1	0	1	1	0	0	0	0	1	1	1	0	1	1
scaffold_2	106629	0	0	1	1	0	0	0	0	0	0	1	0	0	0
scaffold_2	106661	0	0	1	1	0	0	0	0	0	0	1	0	0	0
scaffold_2	106736	0	0	0	0	0	0	0	0	0	0	0	0	1	1
scaffold_2	106767	0	0	1	1	0	0	0	0	0	0	1	0	0	0
scaffold_2	107596	1	0	0	0	0	0	0	0	1	1	0	0	0	0
scaffold_2	107671	1	0	0	0	0	0	0	0	1	1	0	0	0	0
scaffold_2	107751	1	0	0	0	0	0	0	0	1	1	0	0	0	0
scaffold_2	107777	1	0	0	0	0	0	0	0	1	1	0	0	0	0
scaffold_2	107909	0	0	0	0	0	0	0	0	0	0	0	0	1	1
scaffold_2	107934	0	0	0	0	0	0	0	0	0	0	0	0	1	1
scaffold_2	108489	0	1	1	1	1	1	1	1	0	0	1	1	0	0
scaffold_2	109068	1	0	0	0	0	0	0	0	1	1	0	0	1	1
scaffold_2	109335	0	1	1	1	1	1	1	1	0	0	1	1	1	1
scaffold_2	109508	0	0	0	0	0	0	0	0	0	0	0	0	1	1
scaffold_2	109530	0	1	1	1	1	1	1	1	0	0	1	1	0	0
scaffold_2	109535	0	1	1	1	1	1	1	1	0	0	1	1	0	0
scaffold_2	109563	0	1	1	1	1	1	1	1	0	0	1	1	0	0
scaffold_2	109591	0	1	1	1	1	1	1	1	0	0	1	1	0	0
scaffold_2	110029	0	0	0	0	0	0	0	0	0	0	0	0	1	1
scaffold_2	110741	0	0	1	1	0	0	0	0	0	0	1	0	0	0
scaffold_2	110957	1	1	1	1	1	1	1	1	1	1	1	1	0	0
scaffold_2	111211	1	0	1	1	0	0	0	0	1	1	1	0	0	0
scaffold_2	111363	0	0	0	0	0	0	0	0	0	0	0	0	1	1
scaffold_2	111500	0	0	1	1	0	0	0	0	0	0	1	0	0	0
scaffold_2	112134	1	0	0	0	0	0	0	0	1	1	0	0	0	0
scaffold_2	112139	1	0	0	0	0	0	0	0	1	1	0	0	1	1
scaffold_2	112171	0	0	0	0	0	0	0	0	0	0	0	0	1	1
scaffold_2	112337	1	1	0	0	1	1	1	1	1	1	0	1	1	1
scaffold_2	112447	1	1	0	0	1	1	1	1	1	1	0	1	1	1
scaffold_2	112738	0	1	0	0	1	1	1	1	0	0	0	1	1	1
scaffold_2	112744	0	1	0	0	1	1	1	1	0	0	0	1	1	1
scaffold_2	112807	0	1	0	0	1	1	1	1	0	0	0	1	1	1
scaffold_2	112954	0	1	0	0	1	1	1	1	0	0	0	1	1	1
scaffold_2	113247	0	0	0	0	0	0	0	0	0	0	0	0	1	1
scaffold_2	113380	0	1	0	0	1	1	1	1	0	0	0	1	0	0
scaffold_2	113555	0	1	0	0	1	1	1	1	0	0	0	1	1	1
scaffold_2	113601	0	1	0	0	1	1	1	1	0	0	0	1	1	1
scaffold_2	113654	0	1	0	0	1	1	1	1	0	0	0	1	0	0
scaffold_2	113884	1	0	0	0	0	0	0	0	1	1	0	0	1	1
scaffold_2	114190	1	0	0	0	0	0	0	0	1	1	0	0	1	1
scaffold_2	114444	0	0	0	0	0	0	0	0	0	0	0	0	1	1
scaffold_2	114578	0	0	1	1	0	0	0	0	0	0	0	0	0	0
scaffold_2	114581	1	1	0	0	1	1	1	1	1	1	0	1	1	1
scaffold_2	114947	0	0	0	0	0	0	0	0	0	0	0	0	1	1
scaffold_2	114959	0	0	1	1	0	0	0	0	0	0	0	0	0	0
scaffold_2	115185	0	1	1	1	1	1	1	1	0	0	0	1	1	1
scaffold_2	115477	1	1	1	1	1	1	1	1	1	1	0	1	1	1
scaffold_2	115540	1	1	1	1	1	1	1	1	1	1	0	1	1	1
scaffold_2	115646	0	0	1	1	0	0	0	0	0	0	0	0	0	0
scaffold_2	115712	0	0	1	1	0	0	0	0	0	0	0	0	0	0
scaffold_2	115727	1	0	1	1	0	0	0	0	1	1	0	0	1	1
scaffold_2	115972	0	0	1	1	0	0	0	0	0	0	0	0	1	1
scaffold_2	115991	0	0	0	0	0	0	0	0	0	0	0	0	1	1
scaffold_2	116649	0	1	1	1	1	1	1	1	0	0	0	1	1	1
scaffold_2	116806	0	1	0	0	1	1	1	1	0	0	0	1	0	0
scaffold_2	116817	0	0	1	1	0	0	0	0	0	0	0	0	0	0
scaffold_2	116895	0	0	1	1	0	0	0	0	0	0	0	0	0	0
scaffold_2	117263	1	0	1	1	0	0	0	0	1	1	0	0	1	1
scaffold_2	117300	0	0	1	1	0	0	0	0	0	0	0	0	0	0
scaffold_2	117333	1	1	1	1	1	1	1	1	1	1	0	1	1	1
scaffold_2	117350	1	1	1	1	1	1	1	1	1	1	0	1	1	1
scaffold_2	117934	1	1	1	1	1	1	1	1	1	1	0	1	1	1
scaffold_2	118048	0	1	1	1	1	1	1	1	0	0	0	1	0	0
scaffold_2	118866	1	0	0	0	0	0	0	0	1	1	0	0	0	0
scaffold_2	119036	0	0	1	1	0	0	0	0	0	0	0	0	0	0
scaffold_2	119322	0	0	1	1	0	0	0	0	0	0	0	0	0	0
scaffold_2	119577	0	1	0	0	1	1	1	1	0	0	0	1	1	1
scaffold_2	119718	1	1	0	0	1	1	1	1	1	1	0	1	0	0
scaffold_2	119745	0	0	1	1	0	0	0	0	0	0	0	0	0	0
scaffold_2	120048	1	0	1	1	0	0	0	0	1	1	0	0	1	1
scaffold_2	120049	1	0	1	1	0	0	0	0	1	1	0	0	1	1
scaffold_2	120076	1	0	1	1	0	0	0	0	1	1	0	0	1	1
scaffold_2	120260	0	0	0	0	0	0	0	0	0	0	0	0	1	1
scaffold_2	120339	0	0	0	0	0	0	0	0	0	0	0	0	1	1
scaffold_2	120341	0	0	0	0	0	0	0	0	0	0	0	0	1	1
scaffold_2	120425	1	1	1	1	1	1	1	1	1	1	0	1	1	1
scaffold_2	120469	0	0	0	0	0	0	0	0	0	0	0	0	1	1
scaffold_2	120507	1	1	1	1	1	1	1	1	1	1	0	1	1	1
scaffold_2	120556	1	1	1	1	1	1	1	1	1	1	0	1	1	1
scaffold_2	120647	1	1	1	1	1	1	1	1	1	1	0	1	1	1
scaffold_2	120718	1	1	1	1	1	1	1	1	1	1	0	1	1	1
scaffold_2	120729	1	1	1	1	1	1	1	1	1	1	0	1	1	1
scaffold_2	122306	0	0	0	0	0	0	0	0	0	0	1	0	0	0
scaffold_2	122308	1	0	1	1	0	0	0	0	1	0	0	0	0	0
scaffold_2	122315	0	0	1	1	0	0	0	0	0	0	0	0	0	0
scaffold_2	122364	0	1	0	0	1	1	1	1	0	0	1	1	0	0
scaffold_2	122445	0	1	0	0	1	1	1	1	0	0	0	1	0	0
scaffold_2	122835	1	1	1	1	1	1	1	1	1	0	1	1	0	0
scaffold_2	123049	0	0	0	0	0	0	0	0	0	1	0	0	1	1
scaffold_2	123898	1	1	1	1	1	1	1	1	1	0	1	1	0	0
scaffold_2	124448	1	1	1	1	1	1	1	1	1	0	1	1	0	0
scaffold_2	124690	0	0	0	0	0	0	0	0	0	1	0	0	1	1
scaffold_2	125070	0	0	0	0	0	0	0	0	0	1	0	0	1	1
scaffold_2	125103	0	0	0	0	0	0	0	0	0	1	0	0	1	1
scaffold_2	125517	1	0	1	1	0	0	0	0	1	0	1	0	0	0
scaffold_2	125658	0	1	0	0	1	1	1	1	0	0	0	1	0	0
scaffold_2	125715	1	0	1	1	0	0	0	0	1	0	1	0	0	0
scaffold_2	125873	0	1	0	0	1	1	1	1	0	0	1	1	0	0
scaffold_2	125881	0	0	0	0	0	0	0	0	0	0	1	0	0	0
scaffold_2	126040	1	1	1	1	1	1	1	1	1	0	0	1	0	0
scaffold_2	126072	1	1	1	1	1	1	1	1	1	0	0	1	0	0
scaffold_2	126248	1	0	1	1	0	0	0	0	1	0	0	0	0	0
scaffold_2	126261	1	0	1	1	0	0	0	0	1	0	0	0	0	0
scaffold_2	126274	1	0	1	1	0	0	0	0	1	0	0	0	0	0
scaffold_2	126289	1	0	1	1	0	0	0	0	1	0	0	0	0	0
scaffold_2	126291	1	1	1	1	1	1	1	1	1	1	0	1	1	1
scaffold_2	126374	1	0	1	1	0	0	0	0	1	1	0	0	1	1
scaffold_2	126529	1	0	1	1	0	0	0	0	1	0	0	0	0	0
scaffold_2	126532	1	0	1	1	0	0	0	0	1	0	0	0	0	0
scaffold_2	126585	1	0	1	1	0	0	0	0	1	0	0	0	0	0
scaffold_2	126667	1	0	1	1	0	0	0	0	1	0	0	0	0	0
scaffold_2	126718	0	1	0	0	1	1	1	1	0	0	0	1	0	0
scaffold_2	126768	1	0	1	1	0	0	0	0	1	0	0	0	0	0
scaffold_2	126779	0	1	0	0	1	1	1	1	0	0	0	1	0	0
scaffold_2	126938	0	1	0	0	1	1	1	1	0	0	0	1	0	0
scaffold_2	127004	0	1	0	0	1	1	1	1	0	0	0	1	0	0
scaffold_2	127193	0	1	0	0	1	1	1	1	0	1	1	1	1	1
scaffold_2	127315	0	1	0	0	1	1	1	1	0	0	0	1	0	0
scaffold_2	127614	0	1	0	0	1	1	1	1	0	0	0	1	0	0
scaffold_2	127753	0	0	0	0	0	0	0	0	0	0	1	0	0	0
scaffold_2	127928	0	1	0	0	1	1	1	1	0	0	0	1	0	0
scaffold_2	127980	0	1	0	0	1	1	1	1	0	0	0	1	0	0
scaffold_2	128015	0	1	0	0	1	1	1	1	0	0	0	1	0	0
scaffold_2	128096	0	1	0	0	1	1	1	1	0	0	0	1	0	0
scaffold_2	128142	0	1	0	0	1	1	1	1	0	0	0	1	0	0
scaffold_2	128148	0	1	0	0	1	1	1	1	0	0	0	1	0	0
scaffold_2	128266	0	0	0	0	0	0	0	0	0	0	1	0	0	0
scaffold_2	128273	0	1	0	0	1	1	1	1	0	0	0	1	0	0
scaffold_2	128369	0	1	0	0	1	1	1	1	0	1	0	1	1	1
scaffold_2	128402	0	1	0	0	1	1	1	1	0	0	0	1	0	0
scaffold_2	128513	0	1	0	0	1	1	1	1	0	0	0	1	0	0
scaffold_2	128659	0	1	0	0	1	1	1	1	0	0	0	1	0	0
scaffold_2	129190	0	1	0	0	1	1	1	1	0	0	0	1	0	0
scaffold_2	129427	0	1	0	0	1	1	1	1	0	0	0	1	0	0
scaffold_2	129712	0	1	0	0	1	1	1	1	0	0	0	1	0	0
scaffold_2	130002	0	1	0	0	1	1	1	1	0	0	0	1	0	0
scaffold_2	135973	1	0	0	0	0	0	0	0	1	0	0	0	0	0
scaffold_2	136009	0	0	0	0	0	0	0	0	0	1	0	0	1	1
scaffold_2	136072	0	0	0	0	0	0	0	0	0	1	0	0	1	1
scaffold_2	136080	0	0	0	0	0	0	0	0	0	0	1	0	0	0
scaffold_2	136177	0	0	0	0	0	0	0	0	0	0	1	0	0	0
scaffold_2	136210	0	1	1	1	1	1	1	1	0	1	0	1	1	1
scaffold_2	136219	0	1	1	1	1	1	1	1	0	1	0	1	1	1
scaffold_2	136250	0	1	1	1	1	1	1	1	0	1	0	1	1	1
scaffold_2	136313	0	1	1	1	1	1	1	1	0	1	0	1	1	1
scaffold_2	136338	0	1	1	1	1	1	1	1	0	1	0	1	1	1
scaffold_2	136399	0	1	1	1	1	1	1	1	0	1	0	1	1	1
scaffold_2	136413	0	1	1	1	1	1	1	1	0	1	0	1	1	1
scaffold_2	136605	0	1	1	1	1	1	1	1	0	1	0	1	1	1
scaffold_2	136753	0	0	0	0	0	0	0	0	0	1	0	0	1	1
scaffold_2	136850	0	1	1	1	1	1	1	1	0	1	1	1	1	1
scaffold_2	139045	0	0	0	0	0	0	0	0	0	0	1	0	0	0
scaffold_2	139216	1	0	0	0	0	0	0	0	1	0	0	0	0	0
scaffold_2	139279	1	0	0	0	0	0	0	0	1	1	1	0	1	1
scaffold_2	139372	1	0	0	0	0	0	0	0	1	1	1	0	1	1
scaffold_2	139380	1	0	0	0	0	0	0	0	1	1	1	0	1	1
scaffold_2	139539	0	1	1	1	1	1	1	1	0	0	0	1	0	0
scaffold_2	139548	1	0	0	0	0	0	0	0	1	1	0	0	1	1
scaffold_2	139807	0	0	0	0	0	0	0	0	0	1	0	0	1	1
scaffold_2	140599	0	0	1	1	0	0	0	0	0	0	1	0	0	0
scaffold_2	140611	0	0	0	0	0	0	0	0	0	1	0	0	1	1
scaffold_2	140656	1	0	0	0	0	0	0	0	1	0	0	0	0	0
scaffold_2	140720	1	0	0	0	0	0	0	0	1	0	0	0	0	0
scaffold_2	140916	0	0	1	1	0	0	0	0	0	0	1	0	0	0
scaffold_2	140924	0	0	0	0	0	0	0	0	0	1	0	0	1	1
scaffold_2	141168	0	0	0	0	0	0	0	0	0	0	1	0	0	0
scaffold_2	141192	1	0	1	1	0	0	0	0	1	1	1	0	1	1
scaffold_2	142523	1	1	1	1	1	1	1	1	1	1	0	1	1	1
scaffold_2	142735	0	0	0	0	0	0	0	0	0	0	1	0	0	0
scaffold_2	142816	0	0	0	0	0	0	0	0	0	0	1	0	0	0
scaffold_2	147989	1	1	1	1	1	1	1	1	1	1	0	1	1	1
scaffold_2	147994	1	1	1	1	1	1	1	1	1	1	0	1	1	1
scaffold_2	148022	1	1	1	1	1	1	1	1	1	1	0	1	1	1
scaffold_2	148101	1	1	1	1	1	1	1	1	1	1	0	1	1	1
scaffold_2	148162	0	0	0	0	0	0	0	0	0	0	1	0	0	0
scaffold_2	148711	0	0	0	0	0	0	0	0	0	0	1	0	0	0
scaffold_2	149022	0	0	0	0	0	0	0	0	0	0	1	0	0	0
scaffold_2	149991	0	0	0	0	0	0	0	0	0	0	1	0	0	0
scaffold_2	150556	0	0	0	0	0	0	0	0	0	0	1	0	0	0
scaffold_2	151749	1	1	1	1	1	1	1	1	1	1	0	1	1	1
scaffold_2	151787	1	1	1	1	1	1	1	1	1	1	0	1	1	1
scaffold_2	151793	1	1	1	1	1	1	1	1	1	1	0	1	1	1
scaffold_2	152063	1	1	1	1	1	1	1	1	1	1	0	1	1	1
scaffold_2	152084	0	0	0	0	0	0	0	0	0	0	1	0	0	0
scaffold_2	152300	0	0	0	0	0	0	0	0	0	0	1	0	0	0
scaffold_2	153575	1	1	1	1	1	1	1	1	1	1	0	1	1	1
scaffold_2	153669	1	1	1	1	1	1	1	1	1	1	0	1	1	1
scaffold_2	154253	1	1	0	0	1	1	1	1	1	1	0	1	1	1
scaffold_2	155233	0	0	0	0	0	0	0	0	0	0	1	0	0	0
scaffold_2	155350	0	0	0	0	0	0	0	0	0	0	1	0	0	0
scaffold_2	155499	0	0	1	1	0	0	0	0	0	0	1	0	0	0
scaffold_2	156359	0	0	0	1	0	0	0	0	0	0	1	0	0	0
scaffold_2	156430	0	0	1	1	0	0	0	0	0	0	1	0	0	0
scaffold_2	156441	0	0	1	1	0	0	0	0	0	0	1	0	0	0
scaffold_2	156649	0	1	0	0	1	1	1	1	0	0	0	1	0	0
scaffold_2	156777	0	1	0	0	1	1	1	1	0	0	0	1	0	0
scaffold_2	156801	0	0	1	1	0	0	0	0	0	0	1	0	0	0
scaffold_2	157560	0	0	1	1	0	0	0	0	0	0	1	0	0	0
scaffold_2	157862	0	0	1	1	0	0	0	0	0	0	1	0	0	0
scaffold_2	157863	1	1	0	0	1	1	1	1	1	1	0	1	1	1
scaffold_2	157870	1	0	0	0	0	0	0	0	1	1	0	0	1	1
scaffold_2	157954	0	1	0	0	1	1	1	1	0	0	0	1	0	0
scaffold_2	157975	1	1	0	0	1	1	1	1	1	1	0	1	1	1
scaffold_2	158181	1	1	0	0	1	1	1	1	1	1	0	1	1	1
scaffold_2	158270	0	0	1	1	0	0	0	0	0	0	1	0	0	0
scaffold_2	158379	0	1	0	0	1	1	1	1	0	0	0	1	0	0
scaffold_2	158561	0	1	0	0	1	1	1	1	0	0	0	1	0	0
scaffold_2	158871	0	0	1	1	0	0	0	0	0	0	1	0	0	0
scaffold_2	158879	0	1	1	1	1	1	1	1	0	0	1	1	0	0
scaffold_2	158958	0	0	1	1	0	0	0	0	0	0	1	0	0	0
scaffold_2	158964	0	0	1	1	0	0	0	0	0	0	1	0	0	0
scaffold_2	159021	0	0	1	1	0	0	0	0	0	0	1	0	0	0
scaffold_2	159083	0	1	1	1	1	1	1	1	0	0	1	1	0	0
scaffold_2	159192	0	0	1	1	0	0	0	0	0	0	1	0	0	0
scaffold_2	159205	0	0	1	1	0	0	0	0	0	0	1	0	0	0
scaffold_2	159272	0	1	0	0	1	1	1	1	0	0	0	1	0	0
scaffold_2	159384	0	1	1	1	1	1	1	1	0	0	1	1	0	0
scaffold_2	159389	0	0	1	1	0	0	0	0	0	0	1	0	0	0
scaffold_2	159393	0	0	1	1	0	0	0	0	0	0	1	0	0	0
scaffold_2	159438	0	0	1	1	0	0	0	0	0	0	1	0	0	0
scaffold_2	159548	0	0	1	1	0	0	0	0	0	0	1	0	0	0
scaffold_2	160292	0	1	0	0	1	1	1	1	0	0	0	1	0	0
scaffold_2	160348	0	1	0	0	1	1	1	1	0	0	0	1	0	0
scaffold_2	161091	0	0	1	1	0	0	0	0	0	0	1	0	0	0
scaffold_2	161139	0	1	0	0	1	1	1	1	0	0	0	1	0	0
scaffold_2	161741	0	1	0	0	1	1	1	1	0	0	0	1	0	0
scaffold_2	162059	1	0	1	1	0	0	0	0	1	1	1	0	1	1
scaffold_2	162139	0	1	0	0	1	1	1	1	0	0	0	1	0	0
scaffold_2	162351	0	1	0	0	1	1	1	1	0	0	0	1	0	0
scaffold_2	162538	0	1	1	1	1	1	1	1	0	0	1	1	0	0
scaffold_2	163258	0	1	1	1	1	1	1	1	0	0	1	1	0	0
scaffold_2	163261	1	0	0	0	0	0	0	0	1	1	0	0	1	1
scaffold_2	163318	1	0	0	0	0	0	0	0	1	1	0	0	1	1
scaffold_2	163506	1	0	1	1	0	0	0	0	1	1	1	0	1	1
scaffold_2	164699	0	1	1	1	1	1	1	1	0	0	0	1	0	0
scaffold_2	165322	1	1	1	1	1	1	1	1	1	1	0	1	1	1
scaffold_2	166179	0	1	1	1	1	1	1	1	0	0	1	1	0	0
scaffold_2	166295	0	1	1	1	1	1	1	1	0	0	1	1	0	0
scaffold_2	166301	0	1	1	1	1	1	1	1	0	0	1	1	0	0
scaffold_2	166386	0	1	1	1	1	1	1	1	0	0	1	1	0	0
scaffold_2	166395	0	1	1	1	1	1	1	1	0	0	1	1	0	0
scaffold_2	166481	0	1	1	1	1	1	1	1	0	0	1	1	0	0
scaffold_2	166484	0	1	1	1	1	1	1	1	0	0	1	1	0	0
scaffold_2	166607	1	0	0	0	0	0	0	0	1	1	0	0	1	1
scaffold_2	166610	0	1	1	1	1	1	1	1	0	0	1	1	0	0
scaffold_2	166612	1	0	0	0	0	0	0	0	1	1	0	0	1	1
scaffold_2	166657	1	0	0	0	0	0	0	0	1	1	0	0	1	1
scaffold_2	167265	1	0	0	0	0	0	0	0	1	1	0	0	1	1
scaffold_2	167295	1	0	0	0	0	0	0	0	1	1	0	0	1	1
scaffold_2	167304	0	1	1	1	1	1	1	1	0	0	1	1	0	0
scaffold_2	167640	1	1	1	1	1	1	1	1	1	1	0	1	1	1
scaffold_2	167981	0	1	0	0	1	1	1	1	0	0	0	1	0	0
scaffold_2	168268	1	1	1	1	1	1	1	1	1	1	0	1	1	1
scaffold_2	168740	1	0	0	0	0	0	0	0	1	1	0	0	1	1
scaffold_2	170051	1	0	0	0	0	0	0	0	1	1	0	0	1	1
scaffold_2	170301	0	1	1	1	1	1	1	1	0	0	1	1	0	0
scaffold_2	170344	0	1	1	1	1	1	1	1	0	0	1	1	0	0
scaffold_2	170395	0	1	1	1	1	1	1	1	0	0	0	1	0	0
scaffold_2	170410	0	1	1	1	1	1	1	1	0	0	0	1	0	0
scaffold_2	170590	0	1	1	1	1	1	1	1	0	0	0	1	0	0
scaffold_2	170717	0	0	0	0	0	0	0	0	0	0	1	0	0	0
scaffold_2	170867	0	1	1	1	1	1	1	1	0	0	0	1	0	0
scaffold_2	172019	0	1	1	1	1	1	1	1	0	0	0	1	0	0
scaffold_2	172559	1	1	1	1	1	1	1	1	1	1	0	1	1	1
scaffold_2	173966	0	0	0	0	0	0	0	0	0	0	1	0	0	0
scaffold_2	174249	0	1	1	1	1	1	1	1	0	0	0	1	0	0
scaffold_2	174741	0	1	1	1	1	1	1	1	0	0	0	1	0	0
scaffold_2	174947	0	1	1	1	1	1	1	1	0	0	0	1	0	0
scaffold_2	175080	0	0	0	0	0	0	0	0	0	0	1	0	0	0
scaffold_2	175272	1	0	0	0	0	0	0	0	1	1	0	0	1	1
scaffold_2	176050	0	1	1	1	1	1	1	1	0	0	0	1	0	0
scaffold_2	178271	0	0	1	1	0	0	0	0	0	0	0	0	0	0
scaffold_2	178507	1	0	0	0	0	0	0	0	1	1	0	0	1	1
scaffold_2	179704	0	0	1	1	0	0	0	0	0	0	0	0	0	0
scaffold_2	179774	0	1	0	0	1	1	1	1	0	0	0	1	0	0
scaffold_2	180589	0	0	1	1	0	0	0	0	0	0	0	0	0	0
scaffold_2	181308	1	1	0	0	1	1	1	1	1	1	0	1	1	1
scaffold_2	182036	1	1	0	0	1	1	1	1	1	1	0	1	1	1
scaffold_2	182059	1	1	0	0	1	1	1	1	1	1	0	1	1	1
scaffold_2	182308	1	1	0	0	1	1	1	1	1	1	0	1	1	1
scaffold_2	183284	1	1	0	0	1	1	1	1	1	1	0	1	1	1
scaffold_2	183478	1	0	0	0	0	0	0	0	1	1	0	0	1	1
scaffold_2	183566	1	1	0	0	1	1	1	1	1	1	0	1	1	1
scaffold_2	183762	1	1	0	0	1	1	1	1	1	1	0	1	1	1
scaffold_2	183883	1	1	0	0	1	1	1	1	1	1	0	1	1	1
scaffold_2	183902	1	1	0	0	1	1	1	1	1	1	0	1	1	1
scaffold_2	183998	1	1	0	0	1	1	1	1	1	1	0	1	1	1
scaffold_2	184009	1	0	0	0	0	0	0	0	1	1	0	0	1	1
scaffold_2	184142	1	1	0	0	1	1	1	1	1	1	0	1	1	1
scaffold_2	184251	1	1	0	0	1	1	1	1	1	1	0	1	1	1
scaffold_2	184501	0	1	0	0	1	1	1	1	0	0	0	1	0	0
scaffold_2	184567	0	1	0	0	1	1	1	1	0	0	0	1	0	0
scaffold_2	184860	1	1	1	1	1	1	1	1	1	1	0	1	1	1
scaffold_2	187169	0	0	1	1	0	0	0	0	0	0	0	0	0	0
scaffold_2	187435	1	1	0	0	1	1	1	1	1	1	0	1	1	1
scaffold_2	187617	1	1	0	0	1	1	1	1	1	1	0	1	1	1
scaffold_2	187655	0	0	1	1	0	0	0	0	0	0	0	0	0	0
scaffold_2	189229	0	0	1	1	0	0	0	0	0	0	0	0	0	0
scaffold_2	189466	0	0	1	1	0	0	0	0	0	0	0	0	0	0
scaffold_2	189544	0	0	1	1	0	0	0	0	0	0	0	0	0	0
scaffold_2	189868	0	0	0	0	0	0	0	0	0	0	1	0	0	0
scaffold_2	189916	0	0	1	1	0	0	0	0	0	0	0	0	0	0
scaffold_2	189946	0	0	1	1	0	0	0	0	0	0	0	0	0	0
scaffold_2	190425	1	1	0	0	1	1	1	1	1	1	1	1	1	1
scaffold_2	190433	1	1	0	0	1	1	1	1	1	1	0	1	1	1
scaffold_2	190438	1	1	0	0	1	1	1	1	1	1	1	1	1	1
scaffold_2	192800	1	0	0	0	0	0	0	0	1	1	0	0	1	1
scaffold_2	192932	1	0	1	1	0	0	0	0	1	1	1	0	1	1
scaffold_2	192944	0	0	1	1	0	0	0	0	0	0	0	0	0	0
scaffold_2	192946	0	0	1	1	0	0	0	0	0	0	0	0	0	0
scaffold_2	193163	1	0	1	1	0	0	0	0	1	1	1	0	1	1
scaffold_2	193166	1	0	1	1	0	0	0	0	1	1	1	0	1	1
scaffold_2	193502	1	0	0	0	0	0	0	0	1	1	1	0	1	1
scaffold_2	194171	0	0	1	1	0	0	0	0	0	0	0	0	0	0
scaffold_2	194397	0	0	0	0	0	0	0	0	0	1	1	0	1	1
